1.000000000 0.000000000 0.000000000 0.000000000 0.000000000 1.000000000 0.000000000 0.000000000 0.000000000 0.000000000 1.000000000 0.000000000
1.000000000 0.000024718 -0.000023158 -0.000007832 -0.000024717 1.000000000 0.000054815 -0.000036757 0.000023160 -0.000054814 1.000000000 -0.000026095
1.000000000 -0.000081492 -0.000070240 0.000119783 0.000081503 1.000000000 0.000151537 -0.000138311 0.000070227 -0.000151543 1.000000000 -0.000004650
1.000000000 0.000038359 -0.000048913 0.000030646 -0.000038352 1.000000000 0.000147546 -0.000143646 0.000048918 -0.000147544 1.000000000 0.000005002
1.000000000 0.000144074 -0.000004437 -0.000073577 -0.000144074 1.000000000 0.000020096 -0.000007380 0.000004439 -0.000020095 1.000000000 0.000153184
1.000000000 0.000077072 0.000086998 -0.000171128 -0.000077068 1.000000000 -0.000054972 -0.000016986 -0.000087002 0.000054966 1.000000000 0.000161200
1.000000000 0.000030806 0.000019388 0.000029299 -0.000030805 1.000000000 -0.000043426 0.000015714 -0.000019389 0.000043425 1.000000000 0.000011484
1.000000000 -0.000023035 0.000029385 0.000113870 0.000023029 1.000000000 0.000206272 -0.000140023 -0.000029390 -0.000206271 1.000000000 -0.000071641
1.000000000 -0.000037229 0.000078605 0.000004688 0.000037220 1.000000000 0.000105481 -0.000034044 -0.000078609 -0.000105478 1.000000000 -0.000043947
1.000000000 0.000003896 -0.000016914 0.000072789 -0.000003894 1.000000000 0.000161272 -0.000130512 0.000016914 -0.000161272 1.000000000 0.000005779
1.000000000 -0.000017920 0.000027031 -0.000049012 0.000017921 1.000000000 -0.000029088 0.000097757 -0.000027030 0.000029089 1.000000000 0.000127773
1.000000000 -0.000035835 0.000024880 -0.000051622 0.000035833 1.000000000 0.000064248 -0.000034519 -0.000024882 -0.000064247 1.000000000 -0.000005634
1.000000000 -0.000097509 0.000003779 0.000016090 0.000097509 1.000000000 0.000177596 -0.000135863 -0.000003797 -0.000177596 1.000000000 -0.000018160
1.000000000 -0.000067562 0.000092347 -0.000108199 0.000067565 1.000000000 -0.000037478 -0.000006838 -0.000092344 0.000037484 1.000000000 -0.000021289
1.000000000 0.000034029 0.000127239 -0.000124544 -0.000034027 1.000000000 -0.000014586 -0.000034970 -0.000127240 0.000014582 1.000000000 0.000012728
1.000000000 -0.000049685 0.000053151 -0.000024494 0.000049679 1.000000000 0.000110455 -0.000132926 -0.000053157 -0.000110452 1.000000000 0.000031193
1.000000000 -0.000017871 0.000004381 0.000041601 0.000017871 1.000000000 0.000111019 -0.000126589 -0.000004383 -0.000111019 1.000000000 -0.000027208
1.000000000 -0.000073369 0.000017045 -0.000015971 0.000073366 1.000000000 0.000186556 -0.000149336 -0.000017059 -0.000186555 1.000000000 0.000025830
1.000000000 -0.000024667 0.000039566 -0.000041675 0.000024662 1.000000000 0.000125975 -0.000050180 -0.000039569 -0.000125974 1.000000000 0.000004272
1.000000000 -0.000056032 -0.000011230 0.000025005 0.000056035 0.999999940 0.000245194 -0.000215680 0.000011216 -0.000245194 0.999999940 -0.000086688
1.000000000 -0.000061072 0.000037860 0.000004346 0.000061067 1.000000000 0.000125789 -0.000108023 -0.000037868 -0.000125787 1.000000000 -0.000033902
1.000000000 -0.000020663 0.000002749 0.000016729 0.000020663 1.000000000 0.000192236 -0.000070000 -0.000002753 -0.000192236 1.000000000 0.000054060
1.000000000 -0.000089449 -0.000011962 0.000089028 0.000089451 1.000000000 0.000117687 -0.000005925 0.000011951 -0.000117688 1.000000000 -0.000048814
1.000000000 -0.000108071 -0.000020542 0.000068767 0.000108075 1.000000000 0.000216030 -0.000167461 0.000020519 -0.000216032 1.000000000 -0.000023052
1.000000000 -0.000102861 0.000037099 -0.000064406 0.000102855 1.000000000 0.000166125 -0.000120075 -0.000037116 -0.000166121 1.000000000 -0.000040897
1.000000000 -0.000023968 0.000080062 -0.000076296 0.000023951 1.000000000 0.000210914 -0.000135329 -0.000080067 -0.000210912 1.000000000 -0.000038763
1.000000000 -0.000006093 0.000065659 -0.000048551 0.000006085 1.000000000 0.000125274 -0.000090476 -0.000065660 -0.000125274 1.000000000 -0.000023133
1.000000000 0.000101271 0.000172676 -0.000247600 -0.000101291 1.000000000 0.000112768 -0.000077833 -0.000172665 -0.000112786 1.000000000 -0.000005713
1.000000000 0.000059411 0.000098806 -0.000054446 -0.000059428 1.000000000 0.000170921 -0.000174686 -0.000098796 -0.000170927 1.000000000 -0.000056291
1.000000000 0.000063354 -0.000004480 0.000127872 -0.000063354 1.000000000 0.000038598 -0.000031122 0.000004482 -0.000038597 1.000000000 -0.000052796
1.000000000 0.000023320 0.000048964 -0.000011893 -0.000023329 1.000000000 0.000172361 -0.000142894 -0.000048960 -0.000172362 1.000000000 -0.000108087
1.000000000 -0.000065045 0.000087824 -0.000018478 0.000065029 1.000000000 0.000191206 -0.000136815 -0.000087837 -0.000191200 1.000000000 0.000006932
1.000000000 0.000025225 0.000109466 -0.000133365 -0.000025245 1.000000000 0.000190498 -0.000129561 -0.000109462 -0.000190500 1.000000000 -0.000030995
1.000000000 0.000014693 -0.000006492 0.000020135 -0.000014692 1.000000000 0.000126460 -0.000079031 0.000006494 -0.000126460 1.000000000 -0.000037461
1.000000000 -0.000112592 0.000082881 -0.000086871 0.000112576 1.000000000 0.000191503 -0.000114230 -0.000082902 -0.000191494 1.000000000 -0.000028528
1.000000000 -0.000053226 0.000074783 -0.000085356 0.000053207 0.999999940 0.000247734 -0.000204008 -0.000074796 -0.000247730 0.999999940 -0.000034979
1.000000000 -0.000034186 0.000084392 -0.000009275 0.000034170 1.000000000 0.000195519 -0.000160939 -0.000084399 -0.000195516 1.000000000 -0.000105896
1.000000000 0.000094592 0.000129368 -0.000119954 -0.000094616 1.000000000 0.000185198 -0.000157599 -0.000129351 -0.000185211 1.000000000 -0.000097521
1.000000000 -0.000042466 0.000096694 -0.000078253 0.000042453 1.000000000 0.000141134 -0.000098976 -0.000096700 -0.000141130 1.000000000 -0.000056873
1.000000000 0.000024016 0.000055768 -0.000001744 -0.000024018 1.000000000 0.000023102 -0.000021903 -0.000055768 -0.000023103 1.000000000 -0.000046059
1.000000000 -0.000023905 0.000065606 -0.000063462 0.000023889 1.000000000 0.000232576 -0.000214573 -0.000065612 -0.000232575 1.000000000 -0.000075955
1.000000000 -0.000031277 0.000073569 -0.000086307 0.000031267 1.000000000 0.000129623 -0.000099639 -0.000073573 -0.000129621 1.000000000 -0.000039159
1.000000000 -0.000013894 0.000052758 -0.000021487 0.000013889 1.000000000 0.000103725 -0.000114202 -0.000052760 -0.000103724 1.000000000 -0.000057611
1.000000000 -0.000021940 0.000090718 -0.000009383 0.000021917 0.999999940 0.000247539 -0.000167171 -0.000090723 -0.000247537 0.999999940 -0.000062573
1.000000000 0.000052899 0.000099849 -0.000089351 -0.000052923 0.999999940 0.000246006 -0.000195826 -0.000099836 -0.000246012 0.999999940 -0.000065591
1.000000000 0.000006877 0.000071569 -0.000012388 -0.000006892 1.000000000 0.000204175 -0.000082044 -0.000071567 -0.000204176 1.000000000 0.000021036
1.000000000 -0.000037516 0.000070323 -0.000009100 0.000037500 1.000000000 0.000228667 -0.000229188 -0.000070332 -0.000228664 1.000000000 -0.000042511
1.000000000 0.000040629 0.000132028 -0.000100564 -0.000040654 1.000000000 0.000193197 -0.000151969 -0.000132021 -0.000193202 1.000000000 -0.000077408
1.000000000 0.000041835 0.000105983 -0.000032677 -0.000041863 0.999999940 0.000268704 -0.000209864 -0.000105972 -0.000268709 0.999999940 -0.000129102
1.000000000 0.000075540 0.000178519 -0.000132237 -0.000075586 0.999999940 0.000256379 -0.000177804 -0.000178499 -0.000256393 0.999999940 -0.000167498
1.000000000 0.000063123 0.000234605 -0.000276414 -0.000063181 0.999999940 0.000245460 -0.000156452 -0.000234589 -0.000245475 0.999999940 -0.000149980
0.999999940 0.000079586 0.000258664 -0.000258602 -0.000079630 1.000000000 0.000169349 -0.000140549 -0.000258651 -0.000169369 0.999999940 -0.000097923
0.999999940 0.000110998 0.000273492 -0.000282255 -0.000111057 1.000000000 0.000216328 -0.000140860 -0.000273468 -0.000216359 0.999999940 -0.000148023
0.999999940 0.000065651 0.000315438 -0.000295509 -0.000065723 1.000000000 0.000229538 -0.000050526 -0.000315423 -0.000229559 0.999999940 -0.000075966
1.000000000 -0.000119934 0.000186554 -0.000036611 0.000119847 0.999999881 0.000467093 -0.000097518 -0.000186610 -0.000467071 0.999999881 -0.000069781
1.000000000 0.000028822 0.000076111 0.000046204 -0.000028861 0.999999881 0.000510096 -0.000164982 -0.000076096 -0.000510099 0.999999881 -0.000020677
1.000000000 -0.000073050 0.000052778 0.000010500 0.000073025 0.999999881 0.000466254 -0.000202926 -0.000052812 -0.000466250 0.999999881 -0.000043235
1.000000000 -0.000081523 0.000038415 -0.000033512 0.000081510 0.999999940 0.000342012 -0.000199177 -0.000038443 -0.000342009 0.999999940 -0.000121089
1.000000000 -0.000108187 0.000004694 -0.000010386 0.000108186 0.999999940 0.000321300 -0.000254908 -0.000004728 -0.000321299 0.999999940 0.000016842
1.000000000 0.000010560 0.000118544 -0.000108598 -0.000010593 0.999999940 0.000272331 -0.000166176 -0.000118541 -0.000272333 0.999999940 -0.000089607
1.000000000 -0.000056901 0.000007015 0.000007556 0.000056900 1.000000000 0.000229885 -0.000130459 -0.000007028 -0.000229884 1.000000000 0.000032556
1.000000000 0.000051762 0.000068575 -0.000054135 -0.000051773 1.000000000 0.000164713 -0.000201039 -0.000068566 -0.000164717 1.000000000 -0.000107599
1.000000000 0.000102445 0.000025268 0.000036310 -0.000102443 1.000000000 -0.000087369 0.000018879 -0.000025277 0.000087367 1.000000000 -0.000070530
0.999999940 0.000192242 0.000200510 -0.000164081 -0.000192245 1.000000000 0.000015423 -0.000051975 -0.000200507 -0.000015462 1.000000000 -0.000093066
1.000000000 -0.000029414 0.000085440 0.000010209 0.000029378 0.999999881 0.000424446 -0.000314833 -0.000085452 -0.000424444 0.999999881 -0.000045939
1.000000000 -0.000074275 0.000104460 -0.000028367 0.000074237 0.999999940 0.000362889 -0.000104498 -0.000104487 -0.000362882 0.999999940 -0.000141884
1.000000000 0.000037008 0.000074892 0.000004088 -0.000037018 1.000000000 0.000134924 -0.000037235 -0.000074887 -0.000134926 1.000000000 -0.000034449
1.000000000 0.000144779 0.000084746 -0.000076682 -0.000144775 1.000000000 -0.000048659 0.000066521 -0.000084753 0.000048647 1.000000000 -0.000087153
1.000000000 -0.000018814 0.000033934 -0.000026582 0.000018815 1.000000000 -0.000017036 -0.000041656 -0.000033934 0.000017037 1.000000000 -0.000021688
1.000000000 0.000046535 0.000120897 -0.000163395 -0.000046530 1.000000000 -0.000040593 -0.000000572 -0.000120899 0.000040588 1.000000000 0.000062015
1.000000000 0.000035517 0.000072425 -0.000002027 -0.000035517 1.000000000 -0.000001000 -0.000013213 -0.000072425 0.000000997 1.000000000 0.000066994
1.000000000 0.000116741 0.000187023 -0.000149988 -0.000116741 1.000000000 -0.000000616 -0.000013545 -0.000187023 0.000000594 1.000000000 -0.000073660
1.000000000 0.000007740 0.000210489 -0.000169744 -0.000007780 1.000000000 0.000190494 -0.000063453 -0.000210488 -0.000190496 0.999999940 -0.000153231
0.999999940 0.000089878 0.000246951 -0.000166494 -0.000089923 1.000000000 0.000182972 -0.000011613 -0.000246934 -0.000182994 0.999999940 -0.000263522
0.999999940 0.000172046 0.000291930 -0.000302752 -0.000172073 1.000000000 0.000092580 0.000026748 -0.000291914 -0.000092630 0.999999940 -0.000206127
0.999999940 0.000226564 0.000202595 -0.000112913 -0.000226583 0.999999940 0.000090934 -0.000036959 -0.000202574 -0.000090980 1.000000000 -0.000133197
1.000000000 0.000139679 0.000193114 -0.000114420 -0.000139691 1.000000000 0.000062393 -0.000040327 -0.000193105 -0.000062420 1.000000000 -0.000113690
1.000000000 0.000074047 0.000166483 -0.000128659 -0.000074078 1.000000000 0.000189121 -0.000121649 -0.000166469 -0.000189134 0.999999940 -0.000044704
1.000000000 -0.000114172 0.000117952 -0.000058870 0.000114122 0.999999881 0.000420071 -0.000322026 -0.000118000 -0.000420058 0.999999881 -0.000050861
1.000000000 -0.000019264 0.000071587 0.000066211 0.000019254 1.000000000 0.000145169 0.000031293 -0.000071590 -0.000145168 1.000000000 -0.000166096
0.999999940 0.000163612 0.000204663 -0.000182640 -0.000163645 1.000000000 0.000161024 -0.000076223 -0.000204636 -0.000161058 0.999999940 -0.000087052
1.000000000 0.000066666 0.000203524 -0.000195750 -0.000066701 1.000000000 0.000171531 -0.000119801 -0.000203513 -0.000171545 0.999999940 -0.000113322
1.000000000 -0.000025249 0.000176077 -0.000161718 0.000025192 0.999999940 0.000321868 -0.000225216 -0.000176085 -0.000321863 0.999999940 -0.000142232
1.000000000 0.000009315 0.000183118 -0.000061370 -0.000009352 1.000000000 0.000204634 0.000066692 -0.000183116 -0.000204635 0.999999940 -0.000089876
0.999999940 -0.000050614 0.000262597 -0.000124675 0.000050493 0.999999881 0.000460855 -0.000244861 -0.000262621 -0.000460842 0.999999881 -0.000185351
0.999999940 0.000072605 0.000284519 -0.000222140 -0.000072701 0.999999940 0.000337117 -0.000100609 -0.000284495 -0.000337138 0.999999881 -0.000123246
1.000000000 -0.000047298 0.000199146 -0.000169372 0.000047227 0.999999940 0.000352613 -0.000115335 -0.000199163 -0.000352603 0.999999940 -0.000158683
1.000000000 -0.000156572 -0.000067436 0.000178071 0.000156610 0.999999821 0.000564221 -0.000235972 0.000067347 -0.000564231 0.999999821 -0.000098782
1.000000000 -0.000193993 -0.000089123 0.000067922 0.000194018 0.999999940 0.000282397 -0.000058172 0.000089069 -0.000282414 0.999999940 0.000002411
0.999999881 -0.000363076 -0.000307182 0.000439166 0.000363206 0.999999821 0.000426253 -0.000146071 0.000307028 -0.000426364 0.999999881 0.000093121
0.999999762 -0.000682626 -0.000234103 0.000210711 0.000682943 0.999998868 0.001355038 -0.000567162 0.000233178 -0.001355198 0.999999046 0.000260800
0.999995410 -0.002984316 -0.000463107 0.000643594 0.002985999 0.999988794 0.003676421 -0.000997450 0.000452131 -0.003677787 0.999993145 -0.000189322
0.999982357 -0.005798351 -0.001267718 0.001911136 0.005807979 0.999953270 0.007728243 -0.002927049 0.001222848 -0.007735470 0.999969304 -0.000247404
0.999970496 -0.007327635 -0.002299172 0.002409151 0.007354906 0.999899924 0.012085937 -0.003237678 0.002210381 -0.012102491 0.999924302 0.000914152
0.999974906 -0.006929058 -0.001432014 0.001814083 0.006948078 0.999881506 0.013733981 -0.004586964 0.001336680 -0.013743587 0.999904573 0.000088270
0.999983788 -0.004981705 0.002773889 0.001084363 0.004933333 0.999840260 0.017179647 -0.008962478 -0.002859029 -0.017165685 0.999848604 -0.007820686
0.999992371 -0.002255988 0.003153676 0.001052551 0.002197385 0.999827087 0.018463792 -0.010755706 -0.003194785 -0.018456725 0.999824584 -0.009039411
0.999964356 0.007404543 0.004035152 -0.000234734 -0.007497734 0.999693632 0.023590909 -0.008819054 -0.003859236 -0.023620328 0.999713600 -0.002860511
0.999846101 0.017530970 0.000632627 0.002655351 -0.017540781 0.999591708 0.022554250 -0.008783699 -0.000236971 -0.022561872 0.999745429 0.001895616
0.999571383 0.029200142 0.002094709 0.001803358 -0.029232698 0.999415815 0.017701037 -0.012864874 -0.001576613 -0.017754681 0.999841154 -0.000522759
0.999536633 0.029910402 0.005648097 0.003955843 -0.029998722 0.999417603 0.016259901 -0.016368113 -0.005158467 -0.016421797 0.999851823 0.003682454
0.999629915 0.024305660 0.012220748 0.003186311 -0.024520086 0.999542415 0.017713279 -0.019017646 -0.011784622 -0.018006377 0.999768376 -0.000343751
0.999748051 0.013769175 0.017728083 0.005094872 -0.014044698 0.999781013 0.015512154 -0.020186195 -0.017510610 -0.015757231 0.999722481 0.006573866
0.999843955 0.003954811 0.017216260 0.004712499 -0.004125530 0.999942541 0.009891969 -0.024392735 -0.017176149 -0.009961451 0.999802828 0.001068007
0.999856830 -0.001153024 0.016882427 0.003182273 0.001019873 0.999968350 0.007893475 -0.022960566 -0.016890997 -0.007875126 0.999826312 0.004057866
0.999865234 -0.001350892 0.016364150 0.003398835 0.001189644 0.999950767 0.009859482 -0.024220480 -0.016376665 -0.009838684 0.999817431 0.004487592
0.999834716 0.004296080 0.017668111 0.003109518 -0.004449070 0.999952853 0.008628916 -0.025348602 -0.017630208 -0.008706095 0.999806643 0.004540395
0.999750018 0.008887731 0.020516550 0.003166199 -0.009095479 0.999908090 0.010054879 -0.032131050 -0.020425299 -0.010238972 0.999738932 -0.002410537
0.999561965 0.011149460 0.027414281 0.005839391 -0.011493589 0.999856651 0.012427595 -0.033591300 -0.027271792 -0.012737241 0.999546885 0.005143811
0.999257922 0.012455331 0.036448825 0.008226704 -0.012921867 0.999837220 0.012592312 -0.031544991 -0.036286052 -0.013053955 0.999256134 0.013660415
0.999044359 0.010322953 0.042470872 0.010635315 -0.010948828 0.999834418 0.014530484 -0.036699612 -0.042313844 -0.014981604 0.998992026 0.009233266
0.998953342 0.006320971 0.045304321 0.010589675 -0.007053454 0.999846697 0.016026471 -0.036792994 -0.045196068 -0.016329246 0.998844683 0.008624247
0.999055624 0.005380951 0.043114811 0.011346173 -0.006178597 0.999811769 0.018388676 -0.037331562 -0.043007746 -0.018637696 0.998900890 0.009467984
0.999200165 0.006929781 0.039381497 0.011918535 -0.007853359 0.999696612 0.023345970 -0.037489209 -0.039207764 -0.023636578 0.998951495 0.013315011
0.999350667 0.012195907 0.033902969 0.009552234 -0.013142669 0.999525785 0.027844511 -0.035542049 -0.033547305 -0.028272007 0.999037206 0.007995680
0.999388456 0.018510628 0.029665207 0.011397283 -0.019476723 0.999278128 0.032615475 -0.035622552 -0.029040065 -0.033173308 0.999027610 0.009891124
0.999467194 0.022166789 0.023958988 0.012969261 -0.023054833 0.999032557 0.037447434 -0.036896218 -0.023105720 -0.037979852 0.999011278 0.013175438
0.999504149 0.024267942 0.020061793 0.010339233 -0.025070880 0.998853147 0.040791072 -0.034068137 -0.019048866 -0.041273814 0.998966217 0.017683191
0.999601126 0.022360524 0.017246259 0.011929854 -0.023062160 0.998867393 0.041618731 -0.033023186 -0.016296107 -0.041999876 0.998984635 0.013700178
0.999582648 0.023531362 0.016753741 0.011614817 -0.024236785 0.998771250 0.043227434 -0.034965698 -0.015715953 -0.043615453 0.998924792 0.012403590
0.999572337 0.024275623 0.016305145 0.012673987 -0.024994453 0.998654544 0.045433536 -0.035566404 -0.015180281 -0.045821641 0.998834312 0.011693543
0.999465048 0.028001048 0.016899372 0.011877844 -0.028801098 0.998377621 0.049118608 -0.036330331 -0.015496584 -0.049579050 0.998650014 0.012877669
0.999366105 0.030345108 0.018617956 0.011682336 -0.031268936 0.998182476 0.051518243 -0.038391713 -0.017020792 -0.052067757 0.998498559 0.012228038
0.999327004 0.030969786 0.019658454 0.014616090 -0.031950030 0.998152375 0.051680591 -0.036058977 -0.018021598 -0.052273892 0.998470187 0.017247988
0.999305069 0.031818569 0.019416055 0.015850734 -0.032775283 0.998154283 0.051126245 -0.036262941 -0.017753456 -0.051727083 0.998503506 0.018990479
0.999302685 0.033384766 0.016722044 0.016901461 -0.034213338 0.998061180 0.051993635 -0.038574476 -0.014953829 -0.052529488 0.998507440 0.019903690
0.999281645 0.034270529 0.016177420 0.016804377 -0.035099138 0.997920215 0.054067306 -0.044604708 -0.014290861 -0.054596275 0.998406231 0.017322145
0.999276519 0.034612514 0.015757570 0.017186381 -0.035416383 0.997914374 0.053970382 -0.045392338 -0.013856653 -0.054489419 0.998418212 0.017766818
0.999314189 0.033841621 0.015029036 0.017485911 -0.034600805 0.997967482 0.053511862 -0.045544621 -0.013187562 -0.053995181 0.998454154 0.018670369
0.999406934 0.031484548 0.013943687 0.019411778 -0.032186758 0.998055220 0.053382587 -0.051668670 -0.012235844 -0.053799726 0.998476803 0.019158566
0.999433339 0.030595357 0.014028383 0.019944681 -0.031283855 0.998166621 0.051813867 -0.056794610 -0.012417401 -0.052223366 0.998558164 0.019427212
0.999342442 0.032507937 0.016059550 0.020298047 -0.033229653 0.998345435 0.046928726 -0.057806954 -0.014507421 -0.047431525 0.998769164 0.017853385
0.999300241 0.033124045 0.017368056 0.022317508 -0.033858649 0.998463690 0.043862272 -0.061815325 -0.015888479 -0.044419643 0.998886585 0.023647590
0.999218106 0.036051854 0.016222419 0.022237891 -0.036710456 0.998429537 0.042319603 -0.063191324 -0.014671241 -0.042882048 0.998972416 0.025991637
0.999062479 0.039375342 0.017990360 0.024523493 -0.040128805 0.998241067 0.043640047 -0.068757996 -0.016240373 -0.044321068 0.998885274 0.027779322
0.999012232 0.038938709 0.021408010 0.026579468 -0.039817952 0.998310864 0.042305946 -0.073365137 -0.019724514 -0.043116581 0.998875260 0.028520079
0.999094844 0.036232535 0.022288661 0.028589910 -0.037089191 0.998538673 0.039303519 -0.078531712 -0.020832028 -0.040094610 0.998978734 0.027679501
0.998975813 0.037942968 0.024649579 0.029308651 -0.038844578 0.998552918 0.037190728 -0.081460446 -0.023202786 -0.038110144 0.999004066 0.032338552
0.998932779 0.039027825 0.024697268 0.033890031 -0.039853923 0.998630583 0.033891074 -0.085660979 -0.023340756 -0.034839191 0.999120295 0.032561783
0.998713195 0.042879499 0.027078882 0.035956945 -0.043783266 0.998472154 0.033714492 -0.091195233 -0.025591845 -0.034856714 0.999064624 0.034382351
0.998511076 0.047565341 0.026704267 0.037399977 -0.048413932 0.998311937 0.032085184 -0.094321102 -0.025133044 -0.033330277 0.999128342 0.032017108
0.998408020 0.050286435 0.025546830 0.039799951 -0.051105168 0.998165131 0.032475580 -0.099698603 -0.023866877 -0.033729456 0.999145985 0.033044495
0.998376131 0.051067229 0.025242683 0.044054091 -0.051852159 0.998158336 0.031485774 -0.104053803 -0.023588302 -0.032743536 0.999185443 0.038547643
0.998308241 0.051544998 0.026903288 0.046548374 -0.052356217 0.998166442 0.030373394 -0.108239174 -0.025288364 -0.031730562 0.999176502 0.040593881
0.998207033 0.052376587 0.028972974 0.047514964 -0.053223792 0.998153090 0.029286405 -0.110745706 -0.027385542 -0.030775949 0.999151051 0.037010536
0.998311818 0.049115762 0.031004196 0.051839802 -0.049964678 0.998379827 0.027226448 -0.117724098 -0.029616715 -0.028729603 0.999148369 0.040354442
0.998370111 0.047355324 0.031853553 0.054105882 -0.048206732 0.998485446 0.026513780 -0.123324424 -0.030549739 -0.028006116 0.999140799 0.044718839
0.998352230 0.046713423 0.033325732 0.055034880 -0.047597863 0.998521447 0.026258802 -0.126815289 -0.032049812 -0.027801767 0.999099493 0.041590936
0.998551846 0.040975753 0.034859251 0.058933474 -0.041936327 0.998747706 0.027285984 -0.135491312 -0.033697531 -0.028708337 0.999019623 0.045626294
0.998627365 0.038013589 0.036033511 0.060382150 -0.038972165 0.998894632 0.026284009 -0.141104311 -0.034994528 -0.027652236 0.999004781 0.045604259
0.998722136 0.035297852 0.036167882 0.062704667 -0.036122609 0.999096096 0.022409353 -0.145048469 -0.035344183 -0.023687199 0.999094367 0.051775388
0.998839200 0.033051301 0.035039950 0.063860685 -0.033821054 0.999194324 0.021607628 -0.154504761 -0.034297563 -0.022767639 0.999152303 0.050243985
0.999016404 0.029173894 0.033392154 0.066809371 -0.029708028 0.999436557 0.015612989 -0.169439673 -0.032917853 -0.016589647 0.999320388 0.049006201
0.999011755 0.026321502 0.035815638 0.069184795 -0.026897347 0.999515116 0.015692256 -0.176728189 -0.035385229 -0.016640095 0.999235272 0.051652320
0.998971224 0.021805057 0.039762951 0.071056120 -0.022488803 0.999605477 0.016830137 -0.184396863 -0.039380286 -0.017707044 0.999067366 0.052787706
0.999012709 0.018125899 0.040559359 0.073300064 -0.018932408 0.999628901 0.019589759 -0.191586956 -0.040189222 -0.020338301 0.998985052 0.052759118
0.999110878 0.018748699 0.037762776 0.074629284 -0.019610753 0.999552488 0.022588521 -0.197313830 -0.037322368 -0.023308992 0.999031365 0.052517634
0.999146938 0.023922654 0.033661831 0.075822093 -0.024825307 0.999336362 0.026657872 -0.203957111 -0.033001762 -0.027470794 0.999077678 0.052623700
0.999210894 0.026062092 0.029975051 0.076456442 -0.027021179 0.999121070 0.032049127 -0.209985450 -0.029113436 -0.032833792 0.999036789 0.052346218
0.999329507 0.023997823 0.027654091 0.077303588 -0.024937874 0.999105155 0.034165204 -0.215826645 -0.026809450 -0.034831930 0.999033570 0.052995127
0.999504328 0.019040471 0.025068313 0.079181112 -0.019856669 0.999267280 0.032723069 -0.225536346 -0.024426877 -0.033204626 0.999149978 0.053111825
0.999582648 0.013830476 0.025361639 0.081093021 -0.014504072 0.999541700 0.026570966 -0.227366418 -0.024982525 -0.026927726 0.999325156 0.056260511
0.999604523 0.010260651 0.026182385 0.083888933 -0.010836294 0.999700487 0.021939497 -0.238093510 -0.025949432 -0.022214539 0.999416351 0.052791364
0.999584138 0.012509538 0.025982620 0.084354788 -0.013026561 0.999718606 0.019825818 -0.244922131 -0.025727296 -0.020156037 0.999465823 0.053731162
0.999589145 0.015682055 0.023989812 0.087272994 -0.016206319 0.999630570 0.021817554 -0.254628539 -0.023638807 -0.022197373 0.999474108 0.053503390
0.999566734 0.020265236 0.021346940 0.089492843 -0.020818021 0.999445081 0.025999347 -0.261965901 -0.020808211 -0.026432481 0.999433994 0.053483851
0.999571800 0.023495134 0.017440774 0.093026981 -0.024014018 0.999256372 0.030163221 -0.271371394 -0.016719114 -0.030569125 0.999392807 0.055057086
0.999633610 0.020039197 0.018199245 0.095842376 -0.020690681 0.999125063 0.036344148 -0.297484249 -0.017455015 -0.036707386 0.999173582 0.051325347
0.999711275 0.016221244 0.017725620 0.099506713 -0.016845036 0.999222994 0.035628319 -0.310776055 -0.017133914 -0.035916619 0.999207854 0.051253214
0.999715328 0.015245585 0.018354021 0.103657849 -0.015859332 0.999303699 0.033771619 -0.322233200 -0.017826371 -0.034053084 0.999261022 0.050434548
0.999673605 0.017249847 0.018846812 0.103886440 -0.017828068 0.999361753 0.030955393 -0.326916635 -0.018300805 -0.031281292 0.999343097 0.050712366
0.999710321 0.015088160 0.018750448 0.107465439 -0.015650140 0.999421477 0.030195279 -0.337820113 -0.018284008 -0.030479979 0.999368131 0.052082900
0.999657452 0.017810524 0.019177716 0.107545592 -0.018407175 0.999337494 0.031398010 -0.351700485 -0.018605797 -0.031740259 0.999322951 0.052397270
0.999604285 0.021468457 0.018177049 0.110590085 -0.022079961 0.999173224 0.034137338 -0.364807814 -0.017429143 -0.034525178 0.999251842 0.050852269
0.999592006 0.023041129 0.016880775 0.112107530 -0.023680354 0.998970211 0.038700115 -0.374864519 -0.015971698 -0.039084066 0.999108255 0.051132254
0.999603868 0.026252141 0.010149078 0.112990580 -0.026649989 0.998791933 0.041284692 -0.391929448 -0.009053007 -0.041538805 0.999095917 0.053036116
0.999593019 0.026832040 0.009683416 0.113761649 -0.027214849 0.998753548 0.041842941 -0.401044369 -0.008548615 -0.042089444 0.999077260 0.055482093
0.999615729 0.025630496 0.010555480 0.114258938 -0.026033187 0.998861849 0.039965875 -0.412987381 -0.009519121 -0.040225320 0.999145269 0.054934319
0.999625742 0.025244480 0.010542803 0.111524865 -0.025618449 0.998987317 0.036986697 -0.412638307 -0.009598418 -0.037242942 0.999260068 0.058623120
0.999631882 0.025462134 0.009371720 0.107156225 -0.025775285 0.999056101 0.034966297 -0.415295631 -0.008472556 -0.035194989 0.999344587 0.067830682
0.999691606 0.024651783 0.002984284 0.115279511 -0.024745110 0.999014020 0.036861625 -0.437333316 -0.002072637 -0.036924109 0.999315917 0.055715550
0.999599218 0.028253566 0.001750260 0.115686759 -0.028300581 0.998824000 0.039366376 -0.447542727 -0.000635961 -0.039400131 0.999223292 0.058373444
0.999485552 0.031949252 0.002803545 0.115414247 -0.032038443 0.998615980 0.041708168 -0.459079415 -0.001467121 -0.041776530 0.999125898 0.058448255
0.999599576 0.027332366 0.007326110 0.120385364 -0.027599957 0.998845160 0.039325964 -0.473369449 -0.006242778 -0.039512414 0.999199629 0.061304849
0.999578714 0.024902808 0.014907527 0.121688575 -0.025430920 0.999015450 0.036351856 -0.482554257 -0.013987586 -0.036715653 0.999227881 0.062477358
0.999535084 0.023073852 0.019932710 0.127232194 -0.023773178 0.999083638 0.035590399 -0.492732763 -0.019093236 -0.036047716 0.999167681 0.062448528
0.999331474 0.026735855 0.024933007 0.128041312 -0.027698984 0.998850524 0.039118513 -0.501542628 -0.023858480 -0.039782982 0.998923481 0.063392997
0.998988450 0.030827459 0.032737117 0.134696662 -0.032241434 0.998529553 0.043580081 -0.516015291 -0.031345516 -0.044591498 0.998513401 0.067464322
0.997769475 0.036192041 0.056090873 0.138586238 -0.038957909 0.998037398 0.049027693 -0.536336541 -0.054206371 -0.051103514 0.997221172 0.070007063
0.997263372 0.033429526 0.065940022 0.141881540 -0.036407344 0.998346329 0.044486899 -0.543578923 -0.064343803 -0.046765860 0.996831417 0.074239515
0.996929765 0.031080700 0.071867965 0.142795041 -0.034123842 0.998555183 0.041510563 -0.553581059 -0.070473947 -0.043835524 0.996549964 0.075899541
0.996528149 0.030132376 0.077612571 0.145223320 -0.033340596 0.998628139 0.040377565 -0.563764155 -0.076289408 -0.042825025 0.996165633 0.077173330
0.996139348 0.030930176 0.082157291 0.148253292 -0.034442212 0.998537123 0.041679934 -0.575678706 -0.080747947 -0.044348698 0.995747387 0.079013273
0.995924234 0.029551722 0.085215293 0.151151240 -0.033272460 0.998538971 0.042578056 -0.590245306 -0.083832532 -0.045239847 0.995452404 0.082042888
0.995833695 0.028821262 0.086513974 0.149263114 -0.032369666 0.998679280 0.039896507 -0.590088725 -0.085249856 -0.042530715 0.995451450 0.082326233
0.995366395 0.031084061 0.090992741 0.152722701 -0.034735478 0.998642147 0.038823653 -0.620370746 -0.089662388 -0.041804429 0.995094478 0.086312495
0.995103717 0.030334622 0.094066441 0.155805498 -0.034274515 0.998589277 0.040555075 -0.632070541 -0.092703514 -0.043580588 0.994739532 0.090547726
0.994367301 0.030737251 0.101434499 0.156586528 -0.034936171 0.998593390 0.039881550 -0.645008504 -0.100065984 -0.043200631 0.994042516 0.090835042
0.993565321 0.027802218 0.109795339 0.158677787 -0.031860292 0.998865902 0.035380248 -0.649975598 -0.108687177 -0.038650692 0.993324399 0.091525137
0.992023468 0.017394947 0.124848142 0.169277951 -0.021748228 0.999199152 0.033590712 -0.676179707 -0.124163851 -0.036037996 0.991607010 0.093165874
0.991464615 0.010434651 0.129957989 0.174300939 -0.015290951 0.999219418 0.036426660 -0.687264204 -0.129476443 -0.038102929 0.990850151 0.092378385
0.990790248 0.009637139 0.135062769 0.176336482 -0.014768306 0.999204636 0.037040729 -0.696914792 -0.134598374 -0.038694240 0.990144432 0.094467126
0.990068138 0.010597502 0.140188619 0.181794614 -0.016629202 0.998982430 0.041924424 -0.709128201 -0.139601663 -0.043839257 0.989236772 0.091330320
0.989895523 0.012371627 0.141257629 0.181789249 -0.019391734 0.998638391 0.048429333 -0.716628730 -0.140466139 -0.050679211 0.988787532 0.091111802
0.989907444 0.009736725 0.141380578 0.188925996 -0.019014494 0.997741640 0.064420834 -0.735206723 -0.140434042 -0.066458941 0.987856984 0.090113491
0.989012182 0.008319953 0.147600055 0.184143573 -0.017625637 0.997929752 0.061851196 -0.734347343 -0.146779895 -0.063773125 0.987111270 0.080615826
0.988487184 -0.002663553 0.151280940 0.192996487 -0.007423814 0.997786999 0.066075757 -0.747605860 -0.151122168 -0.066438116 0.986279905 0.086259134
0.987642944 -0.011148081 0.156324238 0.198741063 -0.000064022 0.997438014 0.071535639 -0.754034281 -0.156721205 -0.070661671 0.985111892 0.086640976
0.986891925 -0.010952052 0.161010265 0.202642798 -0.000969355 0.997274339 0.073776975 -0.762997687 -0.161379412 -0.072965972 0.984191358 0.086069800
0.985442579 -0.012032107 0.169582337 0.207676619 -0.000458433 0.997300744 0.073423840 -0.770314395 -0.170008034 -0.072432734 0.982777059 0.086627141
0.984268188 -0.012902518 0.176209047 0.209009066 0.001020523 0.997728467 0.067356020 -0.769661963 -0.176677853 -0.066116571 0.982045591 0.086521730
0.982316375 -0.014971549 0.186628982 0.217663810 0.003251617 0.998011649 0.062946610 -0.781288624 -0.187200308 -0.061226640 0.980411828 0.087425821
0.981411219 -0.016670549 0.191191316 0.221318126 0.005025933 0.998111188 0.061229520 -0.786171675 -0.191850886 -0.059130423 0.979641140 0.085815072
0.980753422 -0.018353121 0.194386125 0.226881951 0.006670623 0.998140872 0.060584374 -0.789757907 -0.195136636 -0.058121663 0.979052305 0.086827673
0.980088472 -0.017717911 0.197769135 0.227012798 0.006056273 0.998214960 0.059415758 -0.796515763 -0.198468819 -0.057034958 0.978446305 0.090057157
0.979434311 -0.010225451 0.201503515 0.232859448 -0.000239957 0.998655260 0.051843856 -0.797247171 -0.201762646 -0.050826017 0.978114784 0.096234456
0.979045689 -0.005680750 0.203561321 0.240144700 -0.004528320 0.998756349 0.049651459 -0.808819056 -0.203590214 -0.049532846 0.977802396 0.096473396
0.978865504 -0.002670802 0.204487264 0.245519221 -0.007391991 0.998799264 0.048430189 -0.813435316 -0.204371050 -0.048918221 0.977670431 0.100327387
0.978418231 -0.002822642 0.206615016 0.250779361 -0.007296659 0.998811126 0.048198182 -0.816927791 -0.206505433 -0.048665579 0.977234423 0.102377571
0.977274776 -0.007352214 0.211849391 0.254818052 -0.002124847 0.999008477 0.044472542 -0.816722751 -0.211966306 -0.043912042 0.976289928 0.107318506
0.973507166 -0.014407021 0.228202239 0.263257176 0.006916483 0.999411821 0.033589948 -0.816314697 -0.228551924 -0.031121699 0.973034203 0.112606369
0.972177386 -0.019606035 0.233424187 0.267907888 0.012219627 0.999379158 0.033048060 -0.824099779 -0.233927161 -0.029276220 0.971813262 0.120359808
0.971530676 -0.019726139 0.236091286 0.271894097 0.012549353 0.999413490 0.031862639 -0.826373219 -0.236581311 -0.027992738 0.971208453 0.124314442
0.971372128 -0.016858200 0.236964017 0.278958082 0.009800982 0.999473631 0.030928420 -0.827279091 -0.237360671 -0.027720533 0.971025944 0.130465403
0.970837116 -0.009168458 0.239564568 0.294188052 0.001776168 0.999516249 0.031054890 -0.832933009 -0.239733368 -0.029723734 0.970383644 0.140804276
0.971199512 -0.008804646 0.238104925 0.299425870 0.001602274 0.999535859 0.030425368 -0.833213031 -0.238262266 -0.029167594 0.970762730 0.143852606
0.971935809 -0.005280838 0.235186890 0.307222575 -0.000564772 0.999692857 0.024780875 -0.833700120 -0.235245496 -0.024218250 0.971634150 0.154864147
0.972712338 -0.000414386 0.232014075 0.319480270 -0.003551323 0.999854743 0.016674601 -0.838684380 -0.231987238 -0.017043544 0.972569525 0.166746527
0.972051084 -0.000128238 0.234769240 0.325657517 -0.002936545 0.999914885 0.012704814 -0.837312281 -0.234750897 -0.013039140 0.971968055 0.176191077
0.971584618 0.001380661 0.236688644 0.334478587 -0.003497280 0.999957621 0.008523015 -0.836438060 -0.236666828 -0.009108597 0.971548140 0.181224570
0.971530676 0.003724732 0.236884311 0.347514123 -0.005434883 0.999963641 0.006566750 -0.839006364 -0.236851260 -0.007667238 0.971515656 0.187526181
0.968982100 0.007763813 0.247008875 0.360206664 -0.010027946 0.999918461 0.007909523 -0.837949514 -0.246927351 -0.010141179 0.968980968 0.202584028
0.967880309 0.005904159 0.251341909 0.367424488 -0.008114468 0.999936938 0.007758549 -0.840361595 -0.251280248 -0.009548853 0.967867315 0.212208226
0.965531707 0.004977107 0.260237902 0.384001762 -0.005760001 0.999980807 0.002245842 -0.835468709 -0.260221750 -0.003667402 0.965541899 0.217631161
0.962579310 0.002733535 0.270986348 0.394016623 -0.002229248 0.999995112 -0.002168718 -0.836810112 -0.270990938 0.001483467 0.962580740 0.225310266
0.958408892 -0.001561265 0.285394520 0.413912147 0.002721068 0.999989569 -0.003667370 -0.837811708 -0.285385847 0.004291419 0.958403051 0.240177736
0.957522988 -0.001061665 0.288354903 0.421499223 0.002037868 0.999993145 -0.003085255 -0.833793879 -0.288349658 0.003541832 0.957518637 0.249995559
0.955577254 -0.000698289 0.294739902 0.422486603 0.001604327 0.999994695 -0.002832234 -0.833918571 -0.294736385 0.003179278 0.955573320 0.265781075
0.953336537 -0.001826888 0.301904082 0.436006188 0.003516369 0.999981105 -0.005052697 -0.834307015 -0.301889122 0.005878528 0.953324914 0.265587330
0.951394081 -0.004221812 0.307947218 0.452811241 0.006219105 0.999965489 -0.005504691 -0.828997433 -0.307913363 0.007152287 0.951387465 0.274978817
0.947923779 -0.003161249 0.318481475 0.472496063 0.004847948 0.999978006 -0.004503576 -0.826767445 -0.318460286 0.005813029 0.947918296 0.287284046
0.946956515 -0.003775767 0.321339488 0.486547351 0.004723615 0.999986470 -0.002170113 -0.829242826 -0.321326941 0.003572887 0.946961582 0.297269017
0.945987105 -0.004234998 0.324176461 0.489366889 0.004855228 0.999987543 -0.001104455 -0.828570068 -0.324167728 0.002618751 0.945996046 0.303824127
0.945741653 -0.005069508 0.324880004 0.500427008 0.006213957 0.999977589 -0.002485234 -0.829749882 -0.324860126 0.004369179 0.945752084 0.314230919
0.945372283 -0.003281065 0.325976461 0.516865492 0.004590682 0.999984205 -0.003248362 -0.828748882 -0.325960666 0.004567366 0.945372343 0.325938255
0.946086824 -0.002037626 0.323906779 0.542488098 0.005585434 0.999934196 -0.010023913 -0.829868913 -0.323865026 0.011292652 0.946035922 0.340581387
0.946886778 -0.003290926 0.321550161 0.555030167 0.008314025 0.999863923 -0.014249607 -0.829260111 -0.321459502 0.016166141 0.946785390 0.351157069
0.947996140 -0.003770253 0.318259567 0.573476911 0.010809260 0.999734342 -0.020354096 -0.826377869 -0.318098247 0.022735754 0.947785079 0.365375549
0.947332144 -0.001810511 0.320247591 0.588999867 0.012153484 0.999466896 -0.030301066 -0.821646571 -0.320021987 0.032597296 0.946849167 0.381279409
0.947375357 -0.000023169 0.320125163 0.598810196 0.012964289 0.999182343 -0.038294066 -0.829250216 -0.319862574 0.040429045 0.946600974 0.385145664
0.951444328 0.007537566 0.307728708 0.619727671 0.008757531 0.998632669 -0.051537480 -0.826676488 -0.307696402 0.051729985 0.950077355 0.404259592
0.953220129 0.012123278 0.302033842 0.630361795 0.003811492 0.998633862 -0.052113060 -0.827696443 -0.302253008 0.050826415 0.951871753 0.418875247
0.956175268 0.017862678 0.292249918 0.643292010 -0.002510859 0.998600781 -0.052820776 -0.829543769 -0.292784542 0.049772106 0.954882085 0.429590672
0.961557448 0.025289144 0.273436964 0.663405955 -0.014204241 0.998997867 -0.042443447 -0.832456648 -0.274236321 0.036927842 0.960952997 0.451747060
0.963065028 0.024752170 0.268128902 0.671149373 -0.017037682 0.999372303 -0.031060558 -0.832315505 -0.268729419 0.025345040 0.962882161 0.461580038
0.962956846 0.021925641 0.268762827 0.677956522 -0.016052032 0.999582350 -0.024032593 -0.830357432 -0.269177496 0.018828159 0.962906539 0.468906224
0.962469757 0.018994842 0.270723313 0.683810949 -0.012516894 0.999592900 -0.025634941 -0.826874495 -0.271100044 0.021284239 0.962315857 0.479210168
0.962096870 0.015024330 0.272293597 0.700997889 -0.008071222 0.999612510 -0.026637450 -0.829161823 -0.272588372 0.023430066 0.961845398 0.491878062
0.960347772 0.004649899 0.278765768 0.701895118 -0.001282451 0.999924004 -0.012260991 -0.858040035 -0.278801620 0.011417313 0.960280776 0.507853866
0.961556554 -0.003388251 0.274586111 0.729486704 0.006154469 0.999938607 -0.009213232 -0.837466121 -0.274538010 0.010548974 0.961518407 0.521820962
0.962401688 -0.008864016 0.271485358 0.735789716 0.010340063 0.999938548 -0.004006921 -0.835594654 -0.271433175 0.006663443 0.962434173 0.537485778
0.963237166 -0.015304307 0.268215895 0.752226651 0.013933144 0.999878287 0.007014959 -0.827852428 -0.268290639 -0.003019980 0.963333249 0.566305578
0.963179529 -0.021403426 0.268005639 0.744683266 0.019667819 0.999764562 0.009159308 -0.815573275 -0.268138587 -0.003550972 0.963373840 0.578287065
0.964661777 -0.030221291 0.261752516 0.752990782 0.028277991 0.999537468 0.011188496 -0.812630177 -0.261969626 -0.003391274 0.965070128 0.593679428
0.965975404 -0.030809237 0.256792188 0.759080112 0.029032860 0.999521077 0.010706911 -0.807756782 -0.256999135 -0.002887200 0.966407299 0.613473475
0.969143927 -0.024813298 0.245243356 0.774120688 0.022352241 0.999668181 0.012813890 -0.802468359 -0.245479897 -0.006936768 0.969376862 0.650577724
0.969632864 -0.020793425 0.243679747 0.778355002 0.018839693 0.999769032 0.010345694 -0.798066676 -0.243838578 -0.005440673 0.969800651 0.666841209
0.969983160 -0.021996886 0.242174983 0.785978377 0.020967502 0.999756813 0.006827366 -0.798345983 -0.242266268 -0.001544626 0.970208585 0.684389770
0.969326615 -0.024142789 0.244587407 0.792143285 0.025862871 0.999658227 -0.003822889 -0.794956446 -0.244411513 0.010031358 0.969619691 0.703322291
