1.000000000 0.000000000 0.000000000 0.000000000 0.000000000 1.000000000 0.000000000 0.000000000 0.000000000 0.000000000 1.000000000 0.000000000
1.000000000 0.000030452 -0.000022158 -0.000009652 -0.000030451 1.000000000 0.000076842 -0.000048992 0.000022161 -0.000076842 1.000000000 -0.000024370
1.000000000 -0.000095648 -0.000091212 0.000134987 0.000095662 1.000000000 0.000155240 -0.000133017 0.000091197 -0.000155249 1.000000000 0.000040460
1.000000000 0.000034342 -0.000042091 0.000065324 -0.000034336 1.000000000 0.000142111 -0.000125206 0.000042095 -0.000142109 1.000000000 -0.000004446
1.000000000 0.000133341 -0.000001617 -0.000071599 -0.000133340 1.000000000 0.000008662 -0.000011674 0.000001619 -0.000008662 1.000000000 0.000149501
1.000000000 0.000057888 0.000061149 -0.000134667 -0.000057885 1.000000000 -0.000053424 -0.000027530 -0.000061152 0.000053421 1.000000000 0.000170329
1.000000000 0.000029772 0.000007460 0.000041558 -0.000029771 1.000000000 -0.000063896 0.000023636 -0.000007461 0.000063896 1.000000000 0.000010110
1.000000000 -0.000051457 0.000028384 0.000131544 0.000051451 1.000000000 0.000196197 -0.000138149 -0.000028394 -0.000196196 1.000000000 -0.000061674
1.000000000 -0.000042998 0.000076322 0.000014888 0.000042991 1.000000000 0.000102071 -0.000025769 -0.000076326 -0.000102068 1.000000000 -0.000060035
1.000000000 0.000007279 -0.000020522 0.000071387 -0.000007275 1.000000000 0.000164393 -0.000115912 0.000020523 -0.000164393 1.000000000 0.000014708
1.000000000 -0.000016277 0.000020495 -0.000039757 0.000016278 1.000000000 -0.000028419 0.000099357 -0.000020494 0.000028419 1.000000000 0.000134679
1.000000000 -0.000023742 0.000020064 -0.000056009 0.000023741 1.000000000 0.000068799 -0.000024692 -0.000020066 -0.000068798 1.000000000 -0.000009517
1.000000000 -0.000085981 0.000008661 0.000019545 0.000085979 1.000000000 0.000188990 -0.000154861 -0.000008678 -0.000188990 1.000000000 -0.000045027
1.000000000 -0.000063022 0.000094343 -0.000104183 0.000063025 1.000000000 -0.000030986 -0.000019440 -0.000094341 0.000030992 1.000000000 -0.000035306
1.000000000 0.000041825 0.000143372 -0.000148545 -0.000041822 1.000000000 -0.000014087 -0.000038485 -0.000143373 0.000014081 1.000000000 0.000011075
1.000000000 -0.000020186 0.000078148 -0.000057752 0.000020179 1.000000000 0.000093423 -0.000123500 -0.000078150 -0.000093422 1.000000000 0.000014349
1.000000000 -0.000000607 0.000015669 0.000021668 0.000000606 1.000000000 0.000086653 -0.000110123 -0.000015669 -0.000086653 1.000000000 -0.000043635
1.000000000 -0.000035007 0.000011232 -0.000004910 0.000035005 1.000000000 0.000189514 -0.000159946 -0.000011238 -0.000189513 1.000000000 0.000007180
1.000000000 -0.000017351 0.000046884 -0.000058065 0.000017345 1.000000000 0.000123146 -0.000051986 -0.000046886 -0.000123145 1.000000000 0.000012778
1.000000000 -0.000038690 -0.000013517 0.000028958 0.000038693 1.000000000 0.000240232 -0.000206241 0.000013508 -0.000240233 1.000000000 -0.000078749
1.000000000 -0.000061010 0.000031851 0.000015793 0.000061006 1.000000000 0.000132276 -0.000115615 -0.000031860 -0.000132274 1.000000000 -0.000043234
1.000000000 -0.000032611 -0.000008126 0.000037612 0.000032613 1.000000000 0.000199524 -0.000071667 0.000008120 -0.000199524 1.000000000 0.000059174
1.000000000 -0.000096438 -0.000019360 0.000101016 0.000096441 1.000000000 0.000121283 -0.000005064 0.000019348 -0.000121285 1.000000000 -0.000053576
1.000000000 -0.000122108 -0.000024402 0.000079524 0.000122113 1.000000000 0.000207929 -0.000156603 0.000024376 -0.000207932 1.000000000 -0.000037863
1.000000000 -0.000090603 0.000044770 -0.000065529 0.000090596 1.000000000 0.000171229 -0.000130766 -0.000044785 -0.000171225 1.000000000 -0.000066736
1.000000000 -0.000038981 0.000072470 -0.000047290 0.000038965 1.000000000 0.000212200 -0.000143539 -0.000072478 -0.000212197 1.000000000 -0.000041742
1.000000000 -0.000017190 0.000051165 -0.000031399 0.000017183 1.000000000 0.000144759 -0.000106900 -0.000051167 -0.000144758 1.000000000 -0.000020628
1.000000000 0.000093857 0.000168326 -0.000219340 -0.000093880 1.000000000 0.000134369 -0.000116405 -0.000168314 -0.000134385 1.000000000 -0.000010116
1.000000000 0.000041327 0.000099718 -0.000043981 -0.000041343 1.000000000 0.000164102 -0.000139087 -0.000099711 -0.000164106 1.000000000 -0.000036745
1.000000000 0.000123592 0.000048963 -0.000002686 -0.000123596 1.000000000 0.000078368 -0.000081590 -0.000048953 -0.000078374 1.000000000 -0.000023488
1.000000000 0.000024824 0.000055935 -0.000029198 -0.000024835 1.000000000 0.000189475 -0.000146271 -0.000055930 -0.000189476 1.000000000 -0.000122952
1.000000000 -0.000071848 0.000098053 -0.000038307 0.000071830 1.000000000 0.000192343 -0.000142664 -0.000098067 -0.000192336 1.000000000 -0.000013713
1.000000000 0.000012481 0.000106580 -0.000129386 -0.000012503 1.000000000 0.000208628 -0.000146429 -0.000106578 -0.000208629 1.000000000 -0.000025198
1.000000000 -0.000011999 -0.000013209 0.000052971 0.000012001 1.000000000 0.000123125 -0.000078908 0.000013207 -0.000123125 1.000000000 -0.000035928
1.000000000 -0.000116166 0.000062928 -0.000059963 0.000116155 1.000000000 0.000178111 -0.000098594 -0.000062949 -0.000178104 1.000000000 -0.000008575
1.000000000 -0.000053218 0.000091182 -0.000101218 0.000053195 0.999999940 0.000244364 -0.000205547 -0.000091195 -0.000244360 0.999999940 -0.000039090
1.000000000 -0.000042455 0.000092324 -0.000015825 0.000042437 1.000000000 0.000193934 -0.000164778 -0.000092332 -0.000193930 1.000000000 -0.000106681
1.000000000 0.000102527 0.000134419 -0.000134823 -0.000102552 1.000000000 0.000191241 -0.000173900 -0.000134400 -0.000191254 1.000000000 -0.000091810
1.000000000 -0.000029773 0.000103095 -0.000075314 0.000029759 1.000000000 0.000138414 -0.000110821 -0.000103099 -0.000138411 1.000000000 -0.000062195
1.000000000 0.000034130 0.000059222 -0.000003434 -0.000034132 1.000000000 0.000025985 -0.000037357 -0.000059221 -0.000025987 1.000000000 -0.000055235
1.000000000 -0.000022075 0.000073293 -0.000093129 0.000022059 1.000000000 0.000220850 -0.000196954 -0.000073297 -0.000220849 1.000000000 -0.000092855
1.000000000 -0.000028029 0.000069024 -0.000074964 0.000028021 1.000000000 0.000112949 -0.000087538 -0.000069027 -0.000112947 1.000000000 -0.000031441
1.000000000 0.000012606 0.000068152 -0.000037184 -0.000012613 1.000000000 0.000105279 -0.000122793 -0.000068151 -0.000105280 1.000000000 -0.000069049
1.000000000 0.000016431 0.000111565 -0.000017907 -0.000016459 1.000000000 0.000243564 -0.000164892 -0.000111561 -0.000243566 0.999999940 -0.000074917
1.000000000 0.000074203 0.000123608 -0.000108509 -0.000074234 0.999999940 0.000246781 -0.000207858 -0.000123590 -0.000246790 0.999999940 -0.000101056
1.000000000 0.000021487 0.000088361 -0.000030694 -0.000021505 1.000000000 0.000200486 -0.000073295 -0.000088357 -0.000200488 1.000000000 0.000009502
1.000000000 -0.000013443 0.000093397 -0.000035705 0.000013422 1.000000000 0.000218474 -0.000202575 -0.000093400 -0.000218473 1.000000000 -0.000063007
1.000000000 0.000047523 0.000138377 -0.000114766 -0.000047553 1.000000000 0.000215327 -0.000196987 -0.000138367 -0.000215333 0.999999940 -0.000092042
1.000000000 0.000064914 0.000110576 -0.000031806 -0.000064944 0.999999940 0.000271368 -0.000222090 -0.000110558 -0.000271375 0.999999940 -0.000146980
1.000000000 0.000075765 0.000177882 -0.000131457 -0.000075811 0.999999940 0.000256589 -0.000177895 -0.000177863 -0.000256603 0.999999940 -0.000166941
0.999999940 0.000060125 0.000239988 -0.000283622 -0.000060184 0.999999940 0.000243512 -0.000155280 -0.000239973 -0.000243526 0.999999940 -0.000155381
0.999999940 0.000094802 0.000265161 -0.000279045 -0.000094847 1.000000000 0.000170386 -0.000146040 -0.000265145 -0.000170411 0.999999940 -0.000116809
0.999999940 0.000114307 0.000273107 -0.000270693 -0.000114365 1.000000000 0.000214187 -0.000133627 -0.000273083 -0.000214218 0.999999940 -0.000132734
0.999999940 0.000062645 0.000309354 -0.000283755 -0.000062708 1.000000000 0.000201669 -0.000030779 -0.000309342 -0.000201689 0.999999940 -0.000069710
1.000000000 -0.000102492 0.000183729 -0.000030528 0.000102405 0.999999881 0.000472591 -0.000117594 -0.000183777 -0.000472572 0.999999881 -0.000063217
1.000000000 0.000037173 0.000073370 0.000044105 -0.000037210 0.999999881 0.000512224 -0.000163462 -0.000073351 -0.000512226 0.999999881 -0.000026407
1.000000000 -0.000051380 0.000057489 0.000003320 0.000051353 0.999999881 0.000461901 -0.000203731 -0.000057512 -0.000461898 0.999999881 -0.000052197
1.000000000 -0.000058054 0.000051295 -0.000030646 0.000058036 0.999999940 0.000356176 -0.000214793 -0.000051316 -0.000356173 0.999999940 -0.000135601
1.000000000 -0.000118652 0.000006064 0.000006526 0.000118650 0.999999940 0.000312541 -0.000255469 -0.000006101 -0.000312540 0.999999940 -0.000014735
1.000000000 0.000000235 0.000107377 -0.000087672 -0.000000264 0.999999940 0.000271144 -0.000171542 -0.000107377 -0.000271144 0.999999940 -0.000064362
1.000000000 -0.000037682 0.000015910 0.000008115 0.000037678 1.000000000 0.000233573 -0.000128098 -0.000015919 -0.000233573 1.000000000 0.000023229
1.000000000 0.000059306 0.000062651 -0.000022991 -0.000059315 1.000000000 0.000145762 -0.000174760 -0.000062642 -0.000145766 1.000000000 -0.000075355
1.000000000 0.000106257 0.000031612 0.000033032 -0.000106254 1.000000000 -0.000092226 0.000024626 -0.000031621 0.000092223 1.000000000 -0.000066025
0.999999940 0.000209093 0.000208635 -0.000167593 -0.000209096 1.000000000 0.000013992 -0.000052555 -0.000208632 -0.000014035 1.000000000 -0.000099760
1.000000000 -0.000038698 0.000089006 0.000012085 0.000038662 0.999999940 0.000399927 -0.000246732 -0.000089021 -0.000399923 0.999999940 -0.000035512
1.000000000 -0.000064702 0.000106834 -0.000027539 0.000064662 0.999999940 0.000378640 -0.000127590 -0.000106859 -0.000378633 0.999999940 -0.000169979
1.000000000 0.000038941 0.000064214 0.000021384 -0.000038950 1.000000000 0.000136100 -0.000046428 -0.000064209 -0.000136103 1.000000000 -0.000055657
1.000000000 0.000144630 0.000084597 -0.000076496 -0.000144626 1.000000000 -0.000048519 0.000066420 -0.000084604 0.000048507 1.000000000 -0.000087086
1.000000000 -0.000007066 0.000038863 -0.000031631 0.000007067 1.000000000 -0.000022685 -0.000015715 -0.000038863 0.000022685 1.000000000 -0.000013832
1.000000000 0.000059097 0.000124868 -0.000165957 -0.000059093 1.000000000 -0.000027750 0.000013075 -0.000124869 0.000027742 1.000000000 0.000087467
1.000000000 0.000036084 0.000074126 -0.000014400 -0.000036084 1.000000000 0.000000137 -0.000017750 -0.000074126 -0.000000140 1.000000000 0.000058095
1.000000000 0.000130729 0.000181660 -0.000133779 -0.000130731 1.000000000 0.000011344 -0.000025368 -0.000181659 -0.000011368 1.000000000 -0.000087681
1.000000000 0.000018061 0.000221374 -0.000178725 -0.000018106 1.000000000 0.000204598 -0.000071989 -0.000221370 -0.000204602 0.999999940 -0.000175528
0.999999940 0.000083626 0.000248598 -0.000173773 -0.000083670 1.000000000 0.000179665 0.000000284 -0.000248583 -0.000179685 0.999999940 -0.000278339
0.999999940 0.000167181 0.000278447 -0.000273632 -0.000167208 1.000000000 0.000100020 0.000025588 -0.000278430 -0.000100066 0.999999940 -0.000200380
0.999999940 0.000233834 0.000197619 -0.000092689 -0.000233856 0.999999940 0.000110132 -0.000055142 -0.000197593 -0.000110178 1.000000000 -0.000147945
1.000000000 0.000149549 0.000176249 -0.000091242 -0.000149560 1.000000000 0.000063621 -0.000041096 -0.000176240 -0.000063647 1.000000000 -0.000115695
1.000000000 0.000072324 0.000161431 -0.000113067 -0.000072354 1.000000000 0.000186028 -0.000125413 -0.000161418 -0.000186040 0.999999940 -0.000056667
1.000000000 -0.000103738 0.000104228 -0.000038944 0.000103695 0.999999940 0.000406504 -0.000301218 -0.000104270 -0.000406493 0.999999940 -0.000053853
1.000000000 0.000000331 0.000084222 0.000055202 -0.000000344 1.000000000 0.000148233 0.000027130 -0.000084222 -0.000148233 1.000000000 -0.000176413
0.999999940 0.000172930 0.000221509 -0.000199829 -0.000172968 1.000000000 0.000170612 -0.000091660 -0.000221479 -0.000170651 0.999999940 -0.000105148
1.000000000 0.000071113 0.000205977 -0.000198509 -0.000071151 1.000000000 0.000187249 -0.000140479 -0.000205964 -0.000187264 0.999999940 -0.000135070
1.000000000 -0.000006836 0.000177092 -0.000151634 0.000006779 0.999999940 0.000321845 -0.000236152 -0.000177095 -0.000321843 0.999999940 -0.000173282
1.000000000 0.000025452 0.000192431 -0.000063784 -0.000025494 1.000000000 0.000217775 0.000050172 -0.000192426 -0.000217780 0.999999940 -0.000104144
0.999999940 -0.000050207 0.000266357 -0.000127255 0.000050078 0.999999881 0.000484646 -0.000283554 -0.000266381 -0.000484633 0.999999821 -0.000231945
0.999999940 0.000108471 0.000288753 -0.000212348 -0.000108575 0.999999940 0.000360213 -0.000128601 -0.000288714 -0.000360245 0.999999881 -0.000097145
1.000000000 -0.000059187 0.000199485 -0.000167938 0.000059118 0.999999940 0.000348510 -0.000093379 -0.000199505 -0.000348499 0.999999940 -0.000136805
1.000000000 -0.000145107 -0.000067885 0.000185730 0.000145146 0.999999821 0.000583223 -0.000273289 0.000067800 -0.000583233 0.999999821 -0.000155220
1.000000000 -0.000185883 -0.000077835 0.000064633 0.000185910 0.999999940 0.000345673 -0.000114883 0.000077770 -0.000345688 0.999999940 -0.000025170
0.999999881 -0.000334285 -0.000295760 0.000430489 0.000334422 0.999999821 0.000463158 -0.000210435 0.000295605 -0.000463257 0.999999821 0.000062407
0.999999762 -0.000641124 -0.000186145 0.000154728 0.000641375 0.999998868 0.001350759 -0.000570552 0.000185279 -0.001350878 0.999999046 0.000207584
0.999995410 -0.002994266 -0.000426172 0.000603812 0.002995830 0.999988616 0.003717995 -0.001052285 0.000415035 -0.003719255 0.999993026 -0.000236158
0.999982178 -0.005827908 -0.001288049 0.001970642 0.005837673 0.999953210 0.007712537 -0.002872871 0.001243041 -0.007719919 0.999969423 -0.000293099
0.999968588 -0.007580725 -0.002281022 0.002432054 0.007606345 0.999905646 0.011439869 -0.002720052 0.002194085 -0.011456859 0.999931931 0.000537089
0.999971271 -0.007401521 -0.001625538 0.002069931 0.007422071 0.999887586 0.013022250 -0.003884866 0.001528972 -0.013033941 0.999913871 -0.000124362
0.999981880 -0.005375994 0.002685506 0.001050760 0.005330804 0.999848604 0.016560318 -0.008359436 -0.002774128 -0.016545704 0.999859273 -0.007818352
0.999991715 -0.002697797 0.003053696 0.001021787 0.002643073 0.999838293 0.017785316 -0.009983951 -0.003101183 -0.017777095 0.999837220 -0.009101961
0.999966383 0.007134786 0.004044817 -0.000511956 -0.007226565 0.999705851 0.023149146 -0.008575849 -0.003878463 -0.023177594 0.999723852 -0.002896238
0.999850929 0.017262818 0.000404642 0.002682349 -0.017267549 0.999603152 0.022257309 -0.008828737 -0.000020257 -0.022260977 0.999752164 0.000083791
0.999585867 0.028723817 0.001759849 0.002268873 -0.028750120 0.999435186 0.017399011 -0.012969194 -0.001259089 -0.017442400 0.999847054 -0.002151625
0.999546528 0.029627515 0.005382206 0.004481149 -0.029708968 0.999434590 0.015743118 -0.015654987 -0.004912734 -0.015895881 0.999861598 0.002224005
0.999631524 0.024273224 0.012155543 0.003377311 -0.024477247 0.999557018 0.016926510 -0.017587580 -0.011739298 -0.017217807 0.999782860 -0.001152471
0.999764264 0.012903728 0.017464077 0.005731044 -0.013147194 0.999816954 0.013898690 -0.016803313 -0.017281536 -0.014125017 0.999750912 0.005884529
0.999838710 0.004771005 0.017318873 0.004561830 -0.004941571 0.999939561 0.009819103 -0.022997020 -0.017270980 -0.009903098 0.999801815 0.002274569
0.999856293 -0.001799470 0.016856732 0.003927138 0.001670483 0.999969244 0.007662914 -0.022784770 -0.016870003 -0.007633654 0.999828577 0.005808742
0.999867976 -0.001493121 0.016185086 0.003262739 0.001326476 0.999946058 0.010301854 -0.025428163 -0.016199594 -0.010279023 0.999815941 0.002840161
0.999841273 0.003653137 0.017438499 0.004048054 -0.003805169 0.999954998 0.008692932 -0.026249222 -0.017405957 -0.008757909 0.999810159 0.004875318
0.999733090 0.009029944 0.021265218 0.004083224 -0.009237153 0.999910593 0.009666022 -0.029858379 -0.021176036 -0.009859874 0.999727130 0.004123401
0.999539196 0.012325880 0.027739469 0.002782508 -0.012685038 0.999837518 0.012808965 -0.035303727 -0.027577078 -0.013154938 0.999533117 -0.001160649
0.999316335 0.012475332 0.034804363 0.005004735 -0.012999879 0.999804676 0.014885931 -0.042256113 -0.034611858 -0.015328204 0.999283254 -0.012670686
0.999026835 0.010266197 0.042897053 0.009760096 -0.010850251 0.999851227 0.013404567 -0.033084981 -0.042753056 -0.013856962 0.998989582 0.010432906
0.998953640 0.006085000 0.045328211 0.011029389 -0.006796165 0.999855995 0.015551671 -0.035693660 -0.045227047 -0.015843458 0.998851001 0.008755871
0.999054909 0.004947641 0.043182503 0.011747440 -0.005727514 0.999822319 0.017954918 -0.036185633 -0.043086000 -0.018185278 0.998905838 0.009727600
0.999200821 0.006254674 0.039478172 0.012284650 -0.007161846 0.999712586 0.022879658 -0.036045797 -0.039323725 -0.023144111 0.998958468 0.014317463
0.999349356 0.012155388 0.033955250 0.011068150 -0.013087137 0.999540150 0.027354391 -0.034508608 -0.033607125 -0.027780972 0.999048948 0.011085222
0.999398589 0.017452307 0.029965499 0.011828420 -0.018404242 0.999325097 0.031791393 -0.035256643 -0.029390438 -0.032323766 0.999045312 0.010670003
0.999485433 0.021779314 0.023548281 0.012290017 -0.022619849 0.999094486 0.036037389 -0.035833448 -0.022742081 -0.036551509 0.999073029 0.006977636
0.999536216 0.023646519 0.019184105 0.010670207 -0.024400478 0.998898983 0.040068634 -0.035098579 -0.018215502 -0.040518153 0.999012768 0.009893999
0.999605775 0.021930290 0.017531747 0.011152477 -0.022647293 0.998869181 0.041802566 -0.034691535 -0.016595179 -0.042183127 0.998972118 0.011594137
0.999601603 0.022547197 0.016977638 0.011623868 -0.023250815 0.998827755 0.042454913 -0.034840748 -0.016000498 -0.042832743 0.998954177 0.012107772
0.999582827 0.023562927 0.016702691 0.012098417 -0.024295656 0.998686314 0.045115408 -0.035684817 -0.015617699 -0.045502394 0.998842180 0.010787320
0.999498844 0.026978772 0.016556846 0.012634085 -0.027754027 0.998435974 0.048532575 -0.036795918 -0.015221600 -0.048967775 0.998684406 0.010556567
0.999413610 0.029298320 0.017725946 0.012967043 -0.030178452 0.998211205 0.051610172 -0.041331679 -0.016182151 -0.052114848 0.998510003 0.006360106
0.999403119 0.028813101 0.019056518 0.013276503 -0.029778142 0.998178899 0.052461833 -0.042350002 -0.017510226 -0.052997991 0.998441100 0.007727863
0.999419153 0.028653201 0.018453127 0.013992569 -0.029582126 0.998198092 0.052206568 -0.044807613 -0.016923988 -0.052722123 0.998465896 0.006454468
0.999435723 0.029757630 0.015581758 0.015874561 -0.030541521 0.998140395 0.052753534 -0.046457324 -0.013982964 -0.053199660 0.998485982 0.008001515
0.999338508 0.032780327 0.015748564 0.015086980 -0.033591509 0.997956693 0.054350447 -0.048674770 -0.013934761 -0.054843508 0.998397827 0.008512714
0.999325335 0.033384021 0.015305469 0.015690904 -0.034176916 0.997908950 0.054859374 -0.050401781 -0.013442041 -0.055345464 0.998376787 0.009400705
0.999367833 0.032568302 0.014252980 0.016946666 -0.033301461 0.997950375 0.054645397 -0.051035941 -0.012444060 -0.055085499 0.998404145 0.010314863
0.999414802 0.031193880 0.014039278 0.017488545 -0.031904537 0.998051703 0.053617924 -0.053414386 -0.012339378 -0.054034460 0.998462796 0.014800763
0.999430060 0.030687856 0.014066365 0.018878873 -0.031358790 0.998243809 0.050258711 -0.053619269 -0.012499331 -0.050671171 0.998637199 0.017397113
0.999417543 0.030119892 0.016042028 0.021683883 -0.030817095 0.998504758 0.045149349 -0.056077570 -0.014658149 -0.045617417 0.998851478 0.019894417
0.999314666 0.032805838 0.017144127 0.022542031 -0.033525832 0.998488665 0.043548044 -0.061784025 -0.015689585 -0.044092972 0.998904228 0.021877270
0.999227941 0.035965189 0.015812866 0.022957059 -0.036621716 0.998386323 0.043400582 -0.065641649 -0.014226438 -0.043946169 0.998932600 0.023337996
0.999099731 0.038602751 0.017594734 0.024964478 -0.039334103 0.998286963 0.043312319 -0.069027543 -0.015892616 -0.043965399 0.998906612 0.025363481
0.999020755 0.039105013 0.020694939 0.026428267 -0.039945196 0.998323917 0.041875593 -0.072631054 -0.019022709 -0.042661250 0.998908460 0.022024564
0.999117792 0.035717122 0.022087030 0.029888330 -0.036548551 0.998591423 0.038461033 -0.076186307 -0.020682201 -0.039234355 0.999015987 0.028769663
0.999027073 0.037055753 0.023910729 0.031021398 -0.037920401 0.998603582 0.036782760 -0.081513956 -0.022514326 -0.037653685 0.999037206 0.029225731
0.998859942 0.040716201 0.024919609 0.031497944 -0.041546188 0.998566449 0.033748221 -0.083606847 -0.023509787 -0.034745064 0.999119639 0.028212754
0.998658478 0.044221114 0.026937412 0.034080081 -0.045122284 0.998408914 0.033819325 -0.091103218 -0.025399020 -0.034989439 0.999064922 0.029765880
0.998521388 0.047316223 0.026760489 0.037729152 -0.048164316 0.998327196 0.031989083 -0.094690308 -0.025202116 -0.033230696 0.999129891 0.032875672
0.998401582 0.050176684 0.026008226 0.038460433 -0.050977368 0.998215616 0.031095417 -0.095763229 -0.024401549 -0.032371551 0.999177933 0.032863747
0.998316467 0.052247997 0.025184365 0.041809723 -0.053017046 0.998115361 0.030902663 -0.101396434 -0.023522297 -0.032185841 0.999205053 0.033205070
0.998286307 0.051967990 0.026900213 0.045858018 -0.052769285 0.998156369 0.029988017 -0.107134558 -0.025292203 -0.031356134 0.999188244 0.038450882
0.998208821 0.052197237 0.029231763 0.046197131 -0.053025398 0.998191774 0.028310798 -0.108704716 -0.027701158 -0.029810116 0.999171674 0.035399303
0.998334348 0.048732921 0.030880278 0.052658889 -0.049561124 0.998415530 0.026646797 -0.116664156 -0.029532773 -0.028132873 0.999167800 0.040341273
0.998357236 0.047728978 0.031697955 0.053877298 -0.048552673 0.998488784 0.025745252 -0.121762872 -0.030421257 -0.027241983 0.999165833 0.042434439
0.998348355 0.046849821 0.033249550 0.054918595 -0.047705565 0.998537779 0.025428036 -0.125418603 -0.032009631 -0.026972234 0.999123514 0.039617680
0.998536587 0.041478861 0.034702800 0.058289364 -0.042415243 0.998743296 0.026696118 -0.134224430 -0.033551864 -0.028128978 0.999041140 0.042842962
0.998734415 0.035317577 0.035808925 0.062202852 -0.036121350 0.999104023 0.022053147 -0.145805970 -0.034997970 -0.023318699 0.999115288 0.046956196
0.998848081 0.032974627 0.034860175 0.063058250 -0.033729166 0.999204338 0.021282673 -0.154744864 -0.034130652 -0.022433959 0.999165595 0.047372773
0.998962402 0.030483151 0.033836100 0.065614805 -0.031108212 0.999352098 0.018103126 -0.161323979 -0.033262331 -0.019136922 0.999263465 0.047886964
0.999015450 0.029257083 0.033349730 0.066775627 -0.029780550 0.999439240 0.015309132 -0.169439107 -0.032883134 -0.016287234 0.999326468 0.048607059
0.999021113 0.026489943 0.035429362 0.069620080 -0.027042832 0.999518394 0.015218243 -0.176422209 -0.035009172 -0.016161455 0.999256313 0.049797036
0.998993456 0.021773126 0.039217692 0.070790984 -0.022427969 0.999615014 0.016335754 -0.184388876 -0.038846910 -0.017198885 0.999097109 0.047915582
0.999018490 0.017873537 0.040529672 0.073175222 -0.018652814 0.999646664 0.018931204 -0.190417826 -0.040176991 -0.019668613 0.998999000 0.051730968
0.999119043 0.018554263 0.037639834 0.073953435 -0.019386120 0.999573052 0.021857221 -0.196969971 -0.037218224 -0.022567656 0.999052346 0.049892519
0.999162138 0.023711767 0.033358574 0.075664707 -0.024592718 0.999352813 0.026250917 -0.203991756 -0.032714531 -0.027049299 0.999098659 0.050364520
0.999175191 0.026718648 0.030579800 0.074118368 -0.027683171 0.999118268 0.031564828 -0.207860351 -0.029709462 -0.032385338 0.999033868 0.053774983
0.999336720 0.023693753 0.027654471 0.077255130 -0.024643872 0.999099553 0.034537233 -0.217063934 -0.026811251 -0.035195831 0.999020636 0.053173479
0.999448061 0.021374492 0.025428925 0.078159861 -0.022154015 0.999280751 0.030778779 -0.216169178 -0.024752751 -0.031325147 0.999202609 0.054443549
0.999585688 0.011586941 0.026348140 0.082838885 -0.012152737 0.999696791 0.021416120 -0.235867932 -0.026092002 -0.021727452 0.999423325 0.052008677
0.999574840 0.013704394 0.025739145 0.084203608 -0.014200496 0.999715090 0.019191548 -0.242912054 -0.025468800 -0.019548902 0.999484360 0.050341833
0.999572754 0.016652780 0.024017621 0.086191848 -0.017160412 0.999630392 0.021086957 -0.252272695 -0.023657585 -0.021490099 0.999489129 0.051637206
0.999547541 0.020615814 0.021899888 0.087459162 -0.021153865 0.999472857 0.024627825 -0.258134067 -0.021380618 -0.025079949 0.999456763 0.053132612
0.999549627 0.024369532 0.017513441 0.092133820 -0.024887908 0.999239504 0.030016955 -0.270773143 -0.016768625 -0.030439306 0.999395967 0.054506332
0.999572456 0.022876972 0.018204801 0.092398115 -0.023478495 0.999161541 0.033544611 -0.286088794 -0.017422132 -0.033957694 0.999271393 0.053322762
0.999610066 0.020483179 0.018976333 0.094225287 -0.021145033 0.999150991 0.035359886 -0.293978661 -0.018235939 -0.035747353 0.999194443 0.054004587
0.999678254 0.016508341 0.019259853 0.100090727 -0.017125200 0.999330997 0.032315474 -0.316976994 -0.018713493 -0.032634910 0.999292195 0.049543299
0.999698937 0.015592167 0.018943330 0.103999615 -0.016172206 0.999392807 0.030862547 -0.330237389 -0.018450616 -0.031159613 0.999344110 0.048751716
0.999677122 0.016655387 0.019188952 0.103442848 -0.017207926 0.999431312 0.028998766 -0.332617551 -0.018695055 -0.029319605 0.999395251 0.048919510
0.999649823 0.018398790 0.019019591 0.106951788 -0.018989673 0.999327481 0.031368155 -0.351736486 -0.018429665 -0.031718343 0.999326944 0.048958991
0.999573410 0.022254691 0.018914850 0.107030436 -0.022874093 0.999187350 0.033187211 -0.361438721 -0.018160908 -0.033605713 0.999270201 0.049096566
0.999563098 0.023805564 0.017518697 0.109158367 -0.024456659 0.998980641 0.037941009 -0.372385263 -0.016597632 -0.038352881 0.999126375 0.050224006
0.999595523 0.024851488 0.013827424 0.111569792 -0.025368102 0.998935342 0.038533304 -0.381240159 -0.012855095 -0.038868491 0.999161601 0.050380517
0.999573886 0.027408741 0.010040486 0.110333644 -0.027800115 0.998765409 0.041170042 -0.399966061 -0.008899672 -0.041431636 0.999101698 0.051375248
0.999600708 0.026068583 0.010910619 0.111021139 -0.026464162 0.998933554 0.037835483 -0.406449527 -0.009912669 -0.038109113 0.999224365 0.051358655
0.999672174 0.023501782 0.010161465 0.112070285 -0.023852151 0.999072313 0.035856783 -0.413098514 -0.009309339 -0.036087401 0.999305308 0.054628573
0.999695182 0.023534071 0.007460150 0.111782998 -0.023774387 0.999140620 0.033952534 -0.418373942 -0.006654697 -0.034119546 0.999395549 0.055895880
0.999693274 0.024552789 0.003223358 0.114181779 -0.024652380 0.999057293 0.035731807 -0.435627848 -0.002343003 -0.035800312 0.999356210 0.054298498
0.999599636 0.028217304 0.002125263 0.114304230 -0.028276866 0.998907745 0.037196763 -0.441428602 -0.001073350 -0.037241962 0.999305725 0.056617714
0.999499798 0.031516485 0.002596349 0.115024075 -0.031596027 0.998673797 0.040648594 -0.451239735 -0.001311805 -0.040710293 0.999170125 0.055739559
0.999480903 0.032010056 0.003637661 0.112853922 -0.032129090 0.998699725 0.039579511 -0.453159243 -0.002365989 -0.039675839 0.999209762 0.057471745
0.999583840 0.024792107 0.014748597 0.122326851 -0.025303617 0.999046803 0.035570022 -0.481799215 -0.013852680 -0.035928406 0.999258339 0.060940988
0.999545217 0.023076145 0.019413861 0.127265975 -0.023756335 0.999084949 0.035567395 -0.495544463 -0.018575333 -0.036012419 0.999178648 0.058588605
0.999328911 0.027035480 0.024712840 0.127803907 -0.027969886 0.998875499 0.038281173 -0.500947893 -0.023650099 -0.038946696 0.998961389 0.060033869
0.998945832 0.031855535 0.033053383 0.130992189 -0.033242509 0.998551905 0.042296778 -0.513392270 -0.031658128 -0.043350969 0.998558164 0.061610822
0.998315215 0.037094925 0.044616707 0.130555525 -0.039092250 0.998232722 0.044759609 -0.521814585 -0.042877503 -0.046428371 0.998000979 0.066765048
0.997757435 0.036196634 0.056302473 0.136754438 -0.038845204 0.998154223 0.046681166 -0.530505598 -0.054508846 -0.048763558 0.997321844 0.067368418
0.997208178 0.034165245 0.066397198 0.140080109 -0.037114833 0.998354554 0.043709423 -0.542321622 -0.064794585 -0.046051711 0.996835470 0.072724923
0.996453524 0.031479698 0.078035600 0.142724395 -0.034651894 0.998613119 0.039635222 -0.562145352 -0.076679662 -0.042198736 0.996162355 0.075931109
0.996077120 0.031945772 0.082520947 0.146878362 -0.035337526 0.998575568 0.039973345 -0.571366787 -0.081126414 -0.042732619 0.995787382 0.077553034
0.995849729 0.031242652 0.085482158 0.148050711 -0.034779072 0.998586178 0.040198501 -0.583473265 -0.084105380 -0.043004658 0.995528460 0.077978715
0.995889664 0.027091555 0.086427860 0.151366517 -0.030631553 0.998734117 0.039899107 -0.594646811 -0.085237511 -0.042382527 0.995458841 0.082099468
0.995388865 0.030737726 0.090863407 0.153030530 -0.034276880 0.998702943 0.037649527 -0.618975878 -0.089588307 -0.040590435 0.995151401 0.084272146
0.994990230 0.032885019 0.094408341 0.149370000 -0.036574531 0.998622537 0.037619282 -0.623676300 -0.093041196 -0.040883757 0.994822502 0.080584340
0.994402945 0.030773133 0.101073630 0.156860486 -0.034668174 0.998713434 0.037008561 -0.636953652 -0.099804737 -0.040305462 0.994190335 0.086699881
0.993492484 0.028493330 0.110276051 0.156764850 -0.032379102 0.998910427 0.033607565 -0.644228458 -0.109198302 -0.036959503 0.993332624 0.091350488
0.992764354 0.024964465 0.117455207 0.161169946 -0.028682882 0.999135971 0.030074777 -0.656982839 -0.116602935 -0.033226117 0.992622674 0.088967420
0.991907358 0.018296519 0.125638604 0.165441811 -0.022389157 0.999261141 0.031240158 -0.670547366 -0.124974206 -0.033800285 0.991584063 0.090273939
0.990597725 0.011673236 0.136308163 0.170149475 -0.016433975 0.999291658 0.033853382 -0.686768472 -0.135816440 -0.035775162 0.990087926 0.093648635
0.989888906 0.012104215 0.141327396 0.176133022 -0.017765751 0.999086499 0.038866967 -0.700274408 -0.140727848 -0.040984765 0.989199638 0.089405164
0.989739597 0.013920793 0.142202631 0.177197829 -0.020711234 0.998709023 0.046383906 -0.711316824 -0.141373351 -0.048853185 0.988750160 0.089394912
0.990086675 0.013804402 0.139777318 0.180020109 -0.021840524 0.998185039 0.056122627 -0.716968060 -0.138748869 -0.058619078 0.988591194 0.089904688
0.989831388 0.010108395 0.141885743 0.186426654 -0.019066794 0.997898877 0.061921313 -0.729393303 -0.140961692 -0.063996978 0.987944424 0.087051801
0.988301575 -0.002051850 0.152498484 0.187877089 -0.007561128 0.998020768 0.062429857 -0.737236679 -0.152324766 -0.062852591 0.986329913 0.086071335
0.988030374 -0.008980815 0.153997466 0.192901194 -0.001497079 0.997698486 0.067788795 -0.746283889 -0.154251859 -0.067207940 0.985743105 0.084321164
0.987607956 -0.010855475 0.156565279 0.196992695 -0.000066984 0.997575700 0.069589555 -0.750578761 -0.156941161 -0.068737678 0.985212982 0.083383530
0.986830354 -0.011020856 0.161382318 0.201272026 -0.000548080 0.997442722 0.071467146 -0.757892311 -0.161757246 -0.070614405 0.984300911 0.084139541
0.984265804 -0.012575102 0.176246151 0.207932860 0.001046919 0.997861803 0.065350480 -0.765950680 -0.176691070 -0.064137727 0.982174456 0.083036341
0.983491421 -0.014530214 0.180370331 0.213914141 0.003244553 0.998026669 0.062707387 -0.770597816 -0.180925533 -0.061086964 0.981597900 0.078338832
0.982018888 -0.013473311 0.188301474 0.210025176 0.002383686 0.998255372 0.058995709 -0.769095242 -0.188767806 -0.057486046 0.980337739 0.085633233
0.981225133 -0.016173799 0.192186743 0.217331290 0.005080820 0.998299360 0.058073025 -0.777126253 -0.192799166 -0.056006234 0.979638577 0.084005103
0.980454147 -0.018050928 0.195917994 0.220976740 0.006838867 0.998307347 0.057754669 -0.781980097 -0.196628913 -0.055285949 0.978918016 0.084985629
0.979828417 -0.014562882 0.199309483 0.224703476 0.003847684 0.998531163 0.054043688 -0.789976180 -0.199803770 -0.052186653 0.978445232 0.089338534
0.979483128 -0.010386276 0.201258600 0.233265534 0.000384821 0.998765588 0.049670067 -0.793088734 -0.201526091 -0.048573539 0.978277981 0.089655116
0.978860855 -0.004770139 0.204471648 0.235287368 -0.004864232 0.998902380 0.046589874 -0.801050782 -0.204469442 -0.046599604 0.977763057 0.093359113
0.978592336 -0.002143304 0.205796748 0.238405854 -0.007051282 0.999009550 0.043934185 -0.799310148 -0.205687046 -0.044444792 0.977607965 0.097330362
0.978072643 -0.002585501 0.208247885 0.244189024 -0.006823741 0.998988271 0.044451833 -0.804616690 -0.208152100 -0.044898149 0.977065384 0.104003854
0.975226641 -0.009497028 0.221003681 0.254867077 0.001618323 0.999357581 0.035803456 -0.814791203 -0.221201703 -0.034558833 0.974615514 0.108654663
0.973344386 -0.014928108 0.228861973 0.260982096 0.007667472 0.999439776 0.032581445 -0.816646159 -0.229220107 -0.029958185 0.972913444 0.111391105
0.972018480 -0.018907540 0.234142661 0.263820410 0.012283125 0.999482751 0.029718343 -0.816104650 -0.234583482 -0.026010770 0.971747935 0.113929294
0.971476734 -0.019315423 0.236346856 0.271215200 0.012799026 0.999495268 0.029074719 -0.819988072 -0.236789152 -0.025220409 0.971233726 0.120826304
0.971278369 -0.017195985 0.237323761 0.277465969 0.010804059 0.999543667 0.028207835 -0.822440684 -0.237700507 -0.024833607 0.971020997 0.125363410
0.970629275 -0.008660031 0.240424335 0.290524513 0.002084026 0.999617040 0.027592465 -0.823602676 -0.240571231 -0.026281001 0.970275640 0.137538910
0.971118271 -0.008125326 0.238460198 0.298042595 0.001848868 0.999646246 0.026532654 -0.822424591 -0.238591447 -0.025325462 0.970789790 0.140381068
0.971852124 -0.004599418 0.235547081 0.305873245 0.000012336 0.999810338 0.019471938 -0.817444563 -0.235591978 -0.018920932 0.971667886 0.150409773
0.972305775 -0.000626212 0.233711600 0.309028894 -0.003151247 0.999870479 0.015789142 -0.828118801 -0.233691186 -0.016088355 0.972177744 0.157913476
0.972756445 0.000269161 0.231829494 0.320640296 -0.003269284 0.999915719 0.012556989 -0.828109145 -0.231806591 -0.012972808 0.972675383 0.162470847
0.971447349 0.001676599 0.237249300 0.332990974 -0.003188085 0.999976933 0.005987355 -0.831178665 -0.237233818 -0.006572769 0.971430302 0.179471970
0.971169055 0.004092329 0.238356754 0.341355592 -0.005150314 0.999979436 0.003816045 -0.831325769 -0.238336250 -0.004933636 0.971170127 0.187509879
0.968702018 0.008796150 0.248070493 0.355677545 -0.010187025 0.999938726 0.004323693 -0.828291237 -0.248017251 -0.006715470 0.968732297 0.201602757
0.967674434 0.007317806 0.252096325 0.363093227 -0.008522329 0.999956906 0.003686489 -0.829902232 -0.252058476 -0.005715769 0.967695117 0.209110931
0.965033591 0.006330977 0.262049645 0.376162916 -0.006282470 0.999979675 -0.001022916 -0.826963902 -0.262050778 -0.000659170 0.965053856 0.216524675
0.961864710 0.004417485 0.273489922 0.383559793 -0.002951193 0.999979019 -0.005772581 -0.826518059 -0.273509711 0.004745321 0.961857498 0.228030697
0.957698345 0.000352664 0.287773639 0.403758258 0.001845531 0.999971151 -0.007367305 -0.827409506 -0.287767917 0.007586752 0.957670093 0.239525840
0.956609368 0.001630944 0.291369021 0.405733347 0.000322319 0.999977827 -0.006655619 -0.825266123 -0.291373432 0.006460740 0.956587493 0.249729723
0.954960406 0.001475780 0.296729714 0.412961453 0.000420882 0.999979913 -0.006327902 -0.824738979 -0.296733111 0.006167783 0.954940498 0.266072482
0.952921391 -0.000466025 0.303217053 0.429869443 0.003447735 0.999950886 -0.009298353 -0.822784126 -0.303197801 0.009906012 0.952876091 0.261785001
0.950612783 -0.002063614 0.310372561 0.440753907 0.005151995 0.999945045 -0.009131127 -0.820993125 -0.310336679 0.010279205 0.950571120 0.269732058
0.947685242 -0.001828982 0.319201142 0.469243735 0.004339487 0.999965012 -0.007153952 -0.821637571 -0.319176942 0.008164863 0.947659910 0.285996199
0.946522295 -0.001352853 0.322635770 0.479141086 0.003272112 0.999980032 -0.005406410 -0.822315454 -0.322622061 0.006172987 0.946507752 0.297760695
0.945769489 -0.004669571 0.324805140 0.489335567 0.006152665 0.999974847 -0.003539196 -0.821695447 -0.324780464 0.005345681 0.945774317 0.304644197
0.946134031 -0.004765957 0.323740333 0.507112682 0.007086207 0.999957025 -0.005988597 -0.820043325 -0.323697925 0.007960106 0.946126938 0.312485397
0.945155621 -0.001980896 0.326614410 0.514917791 0.004537232 0.999964714 -0.007065099 -0.819863439 -0.326588869 0.008159543 0.945131302 0.320698470
0.945165992 0.000197888 0.326590329 0.532385945 0.004745955 0.999885857 -0.014340842 -0.817484736 -0.326555908 0.015104459 0.945057213 0.344961345
0.946570635 -0.002122790 0.322489500 0.552216947 0.008093430 0.999819756 -0.017174499 -0.822488129 -0.322394907 0.018866923 0.946417212 0.353125811
0.946843684 -0.003032572 0.321679592 0.558919370 0.011084122 0.999669373 -0.023201229 -0.821228564 -0.321502894 0.025533473 0.946564317 0.359406769
0.946918964 -0.000193514 0.321472198 0.584345698 0.011527656 0.999377131 -0.033353936 -0.815613687 -0.321265489 0.035289295 0.946331382 0.378093719
0.949073792 0.003279228 0.315036744 0.601323307 0.012867998 0.998707950 -0.049161468 -0.820398271 -0.314790875 0.050711755 0.947805285 0.395765632
0.950400054 0.008142575 0.310923487 0.608383060 0.009138366 0.998494744 -0.054082192 -0.820885420 -0.310895801 0.054241046 0.948894978 0.408948749
0.952947021 0.013635038 0.302830487 0.625985682 0.003176085 0.998483956 -0.054951563 -0.821994722 -0.303120703 0.053327732 0.951458812 0.416990042
0.954995215 0.019639116 0.295970351 0.625901461 -0.003052029 0.998403549 -0.056401219 -0.822050333 -0.296605468 0.052959584 0.953530490 0.424342662
0.957596302 0.025487797 0.286983609 0.638168573 -0.010110307 0.998438478 -0.054938342 -0.819114864 -0.287935734 0.049707260 0.956358731 0.435645759
0.962532759 0.026889978 0.269828677 0.663886547 -0.017678360 0.999176800 -0.036511477 -0.815899551 -0.270588309 0.030373368 0.962215900 0.457341164
0.962154627 0.024453275 0.271404684 0.665165067 -0.017499613 0.999454379 -0.028012041 -0.821276963 -0.271941602 0.022202438 0.962057590 0.467654735
0.962532997 0.020049745 0.270422190 0.686627984 -0.013013396 0.999529123 -0.027787954 -0.823799789 -0.270851970 0.023227710 0.962340713 0.478671849
0.960740209 0.011983492 0.277190566 0.698478997 -0.005268799 0.999674618 -0.024956280 -0.832554162 -0.277399421 0.022516040 0.960490823 0.501499474
0.960878015 0.005050885 0.276925862 0.714027584 0.000693388 0.999786675 -0.020641159 -0.822497308 -0.276971072 0.020025650 0.960669577 0.510226250
0.960578620 -0.001110004 0.278006017 0.715975523 0.005183016 0.999889791 -0.013916290 -0.823622227 -0.277959913 0.014808601 0.960478544 0.522844255
0.961757004 -0.006880781 0.273817718 0.726615310 0.009750674 0.999910951 -0.009121433 -0.820423305 -0.273730516 0.011442508 0.961738348 0.535582364
0.962544084 -0.013624255 0.270782739 0.743289053 0.013368363 0.999906719 0.002789494 -0.816808581 -0.270795494 0.000934908 0.962636471 0.565129936
0.963296294 -0.020586526 0.267649680 0.746928751 0.019400725 0.999786735 0.007074498 -0.812271714 -0.267738223 -0.001622239 0.963490248 0.581782162
0.964460671 -0.027671656 0.262773275 0.748801053 0.025865659 0.999611974 0.010330219 -0.822750151 -0.262957156 -0.003166287 0.964802206 0.575239718
0.967933595 -0.031476833 0.249226198 0.782194972 0.029213578 0.999491513 0.012775612 -0.834812284 -0.249501586 -0.005085156 0.968360960 0.559678614
0.968949854 -0.029862966 0.245447472 0.788917720 0.027436273 0.999535084 0.013301047 -0.833450019 -0.245730549 -0.006153883 0.969318569 0.554993451
0.969384253 -0.029702302 0.243745402 0.804690659 0.027549401 0.999545515 0.012237539 -0.834986806 -0.243998066 -0.005147838 0.969761968 0.561888397
0.969827056 -0.031965084 0.241689473 0.822881043 0.030670470 0.999487936 0.009117752 -0.837437630 -0.241857171 -0.001429913 0.970310807 0.571585298
0.969243884 -0.031339176 0.244098753 0.827498674 0.032991536 0.999451995 -0.002682701 -0.828259826 -0.243880928 0.010653384 0.969746649 0.587760746
