1.000000000 0.000000000 0.000000000 0.000000000 0.000000000 1.000000000 0.000000000 0.000000000 0.000000000 0.000000000 1.000000000 0.000000000
1.000000000 0.000033811 -0.000021086 -0.000010525 -0.000033809 1.000000000 0.000058274 -0.000032686 0.000021088 -0.000058273 1.000000000 -0.000022123
1.000000000 -0.000085536 -0.000076750 0.000120856 0.000085548 1.000000000 0.000152732 -0.000138483 0.000076737 -0.000152738 1.000000000 -0.000001648
1.000000000 0.000028952 -0.000047404 0.000029917 -0.000028945 1.000000000 0.000144519 -0.000146902 0.000047409 -0.000144518 1.000000000 0.000000919
1.000000000 0.000124475 -0.000011057 -0.000062458 -0.000124475 1.000000000 0.000025971 -0.000023463 0.000011061 -0.000025970 1.000000000 0.000151197
1.000000000 0.000064858 0.000085307 -0.000169063 -0.000064853 1.000000000 -0.000058186 -0.000020776 -0.000085310 0.000058180 1.000000000 0.000155431
1.000000000 0.000015409 0.000016842 0.000029183 -0.000015408 1.000000000 -0.000048146 0.000012488 -0.000016843 0.000048145 1.000000000 -0.000000224
1.000000000 -0.000037592 0.000020352 0.000133481 0.000037588 1.000000000 0.000200074 -0.000139614 -0.000020360 -0.000200073 1.000000000 -0.000061120
1.000000000 -0.000046475 0.000069847 0.000011885 0.000046467 1.000000000 0.000111356 -0.000035535 -0.000069853 -0.000111353 1.000000000 -0.000077209
1.000000000 0.000013420 -0.000021036 0.000074978 -0.000013417 1.000000000 0.000152748 -0.000088770 0.000021038 -0.000152748 1.000000000 0.000012254
1.000000000 -0.000017070 0.000021196 -0.000040842 0.000017071 1.000000000 -0.000025331 0.000096437 -0.000021195 0.000025331 1.000000000 0.000134154
1.000000000 -0.000028487 0.000025065 -0.000053105 0.000028485 1.000000000 0.000061811 -0.000032209 -0.000025067 -0.000061810 1.000000000 -0.000005116
1.000000000 -0.000086716 0.000008012 0.000021118 0.000086714 1.000000000 0.000189620 -0.000155309 -0.000008028 -0.000189620 1.000000000 -0.000044257
1.000000000 -0.000077557 0.000093345 -0.000100344 0.000077560 1.000000000 -0.000029237 -0.000025368 -0.000093343 0.000029244 1.000000000 -0.000034213
1.000000000 0.000044442 0.000148939 -0.000160066 -0.000044442 1.000000000 -0.000003246 -0.000050289 -0.000148939 0.000003239 1.000000000 0.000005213
1.000000000 -0.000022189 0.000085149 -0.000068217 0.000022182 1.000000000 0.000085170 -0.000118022 -0.000085151 -0.000085168 1.000000000 0.000003969
1.000000000 -0.000021446 0.000013549 0.000022037 0.000021445 1.000000000 0.000093408 -0.000106275 -0.000013551 -0.000093408 1.000000000 -0.000039103
1.000000000 -0.000062746 0.000012101 0.000013100 0.000062745 1.000000000 0.000161196 -0.000117173 -0.000012111 -0.000161195 1.000000000 -0.000007615
1.000000000 -0.000025953 0.000045879 -0.000053960 0.000025947 1.000000000 0.000123515 -0.000054565 -0.000045883 -0.000123514 1.000000000 0.000012979
1.000000000 -0.000047861 -0.000009195 0.000024591 0.000047863 0.999999940 0.000242609 -0.000212249 0.000009183 -0.000242610 1.000000000 -0.000085663
1.000000000 -0.000076175 0.000008773 0.000046544 0.000076174 1.000000000 0.000132915 -0.000113782 -0.000008783 -0.000132914 1.000000000 -0.000032336
1.000000000 -0.000036649 -0.000004876 0.000034861 0.000036650 1.000000000 0.000205675 -0.000079058 0.000004869 -0.000205675 1.000000000 0.000053116
1.000000000 -0.000123264 -0.000016290 0.000098760 0.000123266 1.000000000 0.000159103 -0.000032697 0.000016270 -0.000159105 1.000000000 -0.000056341
1.000000000 -0.000124095 -0.000033095 0.000089043 0.000124102 1.000000000 0.000209468 -0.000160747 0.000033069 -0.000209472 1.000000000 -0.000019306
1.000000000 -0.000088872 0.000057830 -0.000082487 0.000088862 1.000000000 0.000162924 -0.000128231 -0.000057845 -0.000162919 1.000000000 -0.000073775
1.000000000 -0.000029043 0.000069298 -0.000044567 0.000029028 1.000000000 0.000209030 -0.000137772 -0.000069304 -0.000209028 1.000000000 -0.000043043
1.000000000 -0.000012271 0.000058489 -0.000034313 0.000012263 1.000000000 0.000143916 -0.000110682 -0.000058491 -0.000143915 1.000000000 -0.000032598
1.000000000 0.000088118 0.000160092 -0.000212525 -0.000088146 1.000000000 0.000179982 -0.000161946 -0.000160076 -0.000179996 1.000000000 -0.000006722
1.000000000 0.000058195 0.000122082 -0.000090195 -0.000058215 1.000000000 0.000163190 -0.000178399 -0.000122073 -0.000163197 1.000000000 -0.000084093
1.000000000 0.000115440 0.000041491 0.000004262 -0.000115443 1.000000000 0.000078857 -0.000073009 -0.000041482 -0.000078862 1.000000000 -0.000022923
1.000000000 0.000021174 0.000054321 -0.000009374 -0.000021183 1.000000000 0.000174165 -0.000141232 -0.000054317 -0.000174166 1.000000000 -0.000099152
1.000000000 -0.000070529 0.000085072 -0.000024491 0.000070513 1.000000000 0.000190478 -0.000143667 -0.000085086 -0.000190472 1.000000000 -0.000006197
1.000000000 0.000008061 0.000101689 -0.000126618 -0.000008082 1.000000000 0.000208121 -0.000148494 -0.000101687 -0.000208122 1.000000000 -0.000039060
1.000000000 -0.000000679 0.000002539 0.000025862 0.000000679 1.000000000 0.000120665 -0.000087353 -0.000002539 -0.000120665 1.000000000 -0.000046240
1.000000000 -0.000129890 0.000060746 -0.000050058 0.000129878 1.000000000 0.000197230 -0.000120508 -0.000060771 -0.000197222 1.000000000 -0.000000141
1.000000000 -0.000057287 0.000092057 -0.000105205 0.000057264 0.999999940 0.000241835 -0.000211962 -0.000092071 -0.000241830 0.999999940 -0.000039383
1.000000000 -0.000058731 0.000091022 -0.000011520 0.000058714 1.000000000 0.000182941 -0.000169094 -0.000091033 -0.000182936 1.000000000 -0.000108227
1.000000000 0.000095847 0.000133202 -0.000134774 -0.000095872 1.000000000 0.000190250 -0.000178230 -0.000133184 -0.000190263 1.000000000 -0.000099814
1.000000000 -0.000034206 0.000105192 -0.000075803 0.000034192 1.000000000 0.000138200 -0.000109584 -0.000105197 -0.000138197 1.000000000 -0.000056633
1.000000000 0.000013390 0.000058375 0.000009851 -0.000013390 1.000000000 0.000014653 -0.000033879 -0.000058374 -0.000014654 1.000000000 -0.000038840
1.000000000 -0.000025667 0.000069637 -0.000081182 0.000025652 1.000000000 0.000224001 -0.000200784 -0.000069643 -0.000223999 1.000000000 -0.000090570
1.000000000 -0.000036224 0.000071703 -0.000079942 0.000036216 1.000000000 0.000118103 -0.000086694 -0.000071708 -0.000118100 1.000000000 -0.000041502
1.000000000 0.000005778 0.000063522 -0.000022937 -0.000005786 1.000000000 0.000123082 -0.000135669 -0.000063521 -0.000123082 1.000000000 -0.000090571
1.000000000 -0.000001916 0.000113933 -0.000022484 0.000001887 0.999999940 0.000248521 -0.000177779 -0.000113933 -0.000248521 0.999999940 -0.000088837
1.000000000 0.000075054 0.000119765 -0.000104650 -0.000075084 0.999999940 0.000247268 -0.000207258 -0.000119746 -0.000247277 0.999999940 -0.000100176
1.000000000 0.000022372 0.000089960 -0.000033930 -0.000022391 1.000000000 0.000213558 -0.000085700 -0.000089955 -0.000213560 1.000000000 0.000009591
1.000000000 -0.000027630 0.000084751 -0.000019178 0.000027613 1.000000000 0.000205273 -0.000202839 -0.000084757 -0.000205270 1.000000000 -0.000053514
1.000000000 0.000044528 0.000139011 -0.000108486 -0.000044554 1.000000000 0.000188157 -0.000148526 -0.000139002 -0.000188163 1.000000000 -0.000078782
1.000000000 0.000047338 0.000116017 -0.000044368 -0.000047369 0.999999940 0.000265732 -0.000208264 -0.000116005 -0.000265738 0.999999940 -0.000124658
1.000000000 0.000072982 0.000176978 -0.000128646 -0.000073028 0.999999940 0.000257890 -0.000180661 -0.000176959 -0.000257903 0.999999940 -0.000165021
1.000000000 0.000061410 0.000236123 -0.000288689 -0.000061468 0.999999940 0.000247480 -0.000158798 -0.000236108 -0.000247494 0.999999940 -0.000168946
0.999999940 0.000080357 0.000255045 -0.000252766 -0.000080403 1.000000000 0.000179999 -0.000147919 -0.000255030 -0.000180020 0.999999940 -0.000093435
0.999999940 0.000118059 0.000278850 -0.000278829 -0.000118122 0.999999940 0.000224079 -0.000143592 -0.000278823 -0.000224112 0.999999940 -0.000135990
0.999999940 0.000074591 0.000309447 -0.000280251 -0.000074665 0.999999940 0.000240678 -0.000053046 -0.000309429 -0.000240701 0.999999940 -0.000085525
1.000000000 -0.000124802 0.000188329 -0.000034408 0.000124713 0.999999881 0.000470582 -0.000091322 -0.000188388 -0.000470558 0.999999881 -0.000077465
1.000000000 0.000059096 0.000081134 0.000042146 -0.000059138 0.999999881 0.000524404 -0.000166232 -0.000081103 -0.000524409 0.999999881 -0.000043203
1.000000000 -0.000047472 0.000065835 0.000014132 0.000047440 0.999999881 0.000485488 -0.000215602 -0.000065858 -0.000485485 0.999999881 -0.000068141
1.000000000 -0.000050660 0.000047973 -0.000027153 0.000050643 0.999999940 0.000366932 -0.000214248 -0.000047992 -0.000366930 0.999999940 -0.000130260
1.000000000 -0.000097661 0.000005458 0.000011922 0.000097660 0.999999940 0.000329489 -0.000267534 -0.000005490 -0.000329489 0.999999940 -0.000023907
1.000000000 0.000025181 0.000119862 -0.000111040 -0.000025215 0.999999940 0.000279213 -0.000163208 -0.000119855 -0.000279216 0.999999940 -0.000074565
1.000000000 -0.000039909 0.000020992 0.000007226 0.000039904 0.999999940 0.000241556 -0.000129874 -0.000021002 -0.000241555 1.000000000 0.000031901
1.000000000 0.000056324 0.000067658 -0.000030623 -0.000056335 1.000000000 0.000156687 -0.000181056 -0.000067649 -0.000156691 1.000000000 -0.000078852
1.000000000 0.000093432 0.000027832 0.000032937 -0.000093430 1.000000000 -0.000086944 0.000035748 -0.000027840 0.000086941 1.000000000 -0.000060413
0.999999940 0.000203315 0.000208142 -0.000166483 -0.000203318 1.000000000 0.000014578 -0.000036569 -0.000208139 -0.000014620 1.000000000 -0.000089661
1.000000000 -0.000033411 0.000081279 0.000011061 0.000033375 0.999999881 0.000442285 -0.000324878 -0.000081294 -0.000442282 0.999999881 -0.000061990
1.000000000 -0.000064292 0.000110619 -0.000032201 0.000064250 0.999999940 0.000382859 -0.000131470 -0.000110644 -0.000382852 0.999999940 -0.000172050
1.000000000 0.000031369 0.000078926 0.000003432 -0.000031380 1.000000000 0.000134819 -0.000045637 -0.000078922 -0.000134821 1.000000000 -0.000047714
1.000000000 0.000144781 0.000084747 -0.000076689 -0.000144777 1.000000000 -0.000048662 0.000066525 -0.000084754 0.000048650 1.000000000 -0.000087159
1.000000000 -0.000019777 0.000030215 -0.000016089 0.000019778 1.000000000 -0.000034114 -0.000003932 -0.000030214 0.000034115 1.000000000 -0.000018198
1.000000000 0.000046535 0.000120897 -0.000163397 -0.000046530 1.000000000 -0.000040593 -0.000000572 -0.000120899 0.000040588 1.000000000 0.000062017
1.000000000 0.000035557 0.000069296 0.000001592 -0.000035556 1.000000000 -0.000000677 -0.000012457 -0.000069296 0.000000675 1.000000000 0.000069418
1.000000000 0.000116464 0.000180707 -0.000140552 -0.000116465 1.000000000 0.000003849 -0.000013598 -0.000180706 -0.000003870 1.000000000 -0.000083673
1.000000000 0.000013114 0.000225087 -0.000178665 -0.000013156 1.000000000 0.000187755 -0.000062756 -0.000225085 -0.000187758 0.999999940 -0.000174225
0.999999940 0.000080449 0.000249478 -0.000165308 -0.000080493 1.000000000 0.000175160 0.000003745 -0.000249464 -0.000175180 0.999999940 -0.000264301
0.999999940 0.000170214 0.000285578 -0.000291109 -0.000170243 1.000000000 0.000104813 0.000021101 -0.000285560 -0.000104862 0.999999940 -0.000214573
0.999999940 0.000228236 0.000199043 -0.000095491 -0.000228257 0.999999940 0.000106255 -0.000051491 -0.000199018 -0.000106300 1.000000000 -0.000152347
1.000000000 0.000143579 0.000182423 -0.000099297 -0.000143588 1.000000000 0.000052038 -0.000033277 -0.000182415 -0.000052064 1.000000000 -0.000115591
1.000000000 0.000081888 0.000170407 -0.000128829 -0.000081922 1.000000000 0.000195157 -0.000134562 -0.000170391 -0.000195171 0.999999940 -0.000061716
1.000000000 -0.000099483 0.000138740 -0.000068519 0.000099427 0.999999940 0.000409476 -0.000322421 -0.000138781 -0.000409462 0.999999881 -0.000078821
1.000000000 -0.000014522 0.000107028 0.000043868 0.000014508 1.000000000 0.000131915 0.000021277 -0.000107029 -0.000131913 1.000000000 -0.000200410
0.999999940 0.000176237 0.000254013 -0.000251776 -0.000176285 0.999999940 0.000186703 -0.000143855 -0.000253980 -0.000186748 0.999999940 -0.000132478
1.000000000 0.000057259 0.000225880 -0.000221808 -0.000057297 1.000000000 0.000172119 -0.000140150 -0.000225871 -0.000172132 0.999999940 -0.000154635
1.000000000 -0.000014574 0.000202912 -0.000181895 0.000014507 0.999999940 0.000330190 -0.000248641 -0.000202917 -0.000330187 0.999999940 -0.000193617
1.000000000 0.000039269 0.000184017 -0.000055557 -0.000039307 1.000000000 0.000208698 0.000057338 -0.000184009 -0.000208705 0.999999940 -0.000098535
0.999999940 -0.000047471 0.000263718 -0.000122600 0.000047346 0.999999881 0.000472126 -0.000273256 -0.000263740 -0.000472113 0.999999881 -0.000230069
0.999999940 0.000075481 0.000284780 -0.000217148 -0.000075580 0.999999940 0.000348064 -0.000116023 -0.000284754 -0.000348086 0.999999881 -0.000135157
1.000000000 -0.000064584 0.000200115 -0.000180132 0.000064514 0.999999940 0.000348791 -0.000099854 -0.000200137 -0.000348778 0.999999940 -0.000153720
1.000000000 -0.000151036 -0.000068391 0.000188783 0.000151076 0.999999821 0.000586607 -0.000278963 0.000068302 -0.000586617 0.999999821 -0.000152290
1.000000000 -0.000198232 -0.000086423 0.000080487 0.000198261 0.999999940 0.000333263 -0.000103016 0.000086357 -0.000333280 0.999999940 -0.000020384
0.999999881 -0.000340338 -0.000282062 0.000420783 0.000340474 0.999999821 0.000482312 -0.000231871 0.000281898 -0.000482408 0.999999821 0.000048531
0.999999762 -0.000654723 -0.000220439 0.000187781 0.000655021 0.999998868 0.001353592 -0.000567936 0.000219552 -0.001353736 0.999999046 0.000228211
0.999995530 -0.002944389 -0.000463526 0.000625926 0.002946078 0.999988854 0.003686479 -0.001036080 0.000452667 -0.003687828 0.999993086 -0.000079205
0.999982119 -0.005840713 -0.001272179 0.001845369 0.005850322 0.999953389 0.007684520 -0.002860009 0.001227237 -0.007691825 0.999969661 -0.000163126
0.999966621 -0.007791123 -0.002459829 0.002944494 0.007818795 0.999903917 0.011447570 -0.003215634 0.002370403 -0.011466419 0.999931455 0.000108285
0.999971390 -0.007400721 -0.001577900 0.002284826 0.007420849 0.999885917 0.013156854 -0.004273390 0.001480350 -0.013168187 0.999912143 -0.000212883
0.999981940 -0.005524609 0.002357756 0.001942634 0.005485419 0.999851763 0.016316393 -0.007947934 -0.002447549 -0.016303167 0.999864101 -0.007665067
0.999992013 -0.002954274 0.002703287 0.002012200 0.002906405 0.999841809 0.017543506 -0.009661729 -0.002754688 -0.017535504 0.999842465 -0.009037498
0.999966621 0.007238354 0.003783545 0.000381830 -0.007323504 0.999708712 0.022997731 -0.007975842 -0.003615977 -0.023024673 0.999728382 -0.002410146
0.999856949 0.016912047 0.000211718 0.003476523 -0.016912607 0.999613881 0.022043731 -0.009118669 0.000161169 -0.022044156 0.999756932 0.000941648
0.999586165 0.028715391 0.001721366 0.002523684 -0.028740887 0.999437332 0.017286593 -0.013351490 -0.001224006 -0.017328914 0.999849021 -0.001462998
0.999548137 0.029603906 0.005211711 0.003550780 -0.029685026 0.999427319 0.016243655 -0.018608561 -0.004727851 -0.016391024 0.999854505 -0.001647878
0.999689579 0.021973193 0.011741646 0.006239684 -0.022171218 0.999609411 0.017009748 -0.020012006 -0.011363303 -0.017264793 0.999786377 0.000954389
0.999769270 0.013096826 0.017019764 0.006447347 -0.013347109 0.999803126 0.014675859 -0.020152612 -0.016824208 -0.014899637 0.999747396 0.003620408
0.999834359 0.004692473 0.017583732 0.003421743 -0.004870616 0.999937117 0.010102070 -0.024298133 -0.017535221 -0.010186041 0.999794364 0.000238183
0.999860406 -0.001610978 0.016630335 0.004121072 0.001481386 0.999968469 0.007801889 -0.023263097 -0.016642381 -0.007776164 0.999831200 0.003409252
0.999868453 -0.001755366 0.016122201 0.004393941 0.001600122 0.999952257 0.009637071 -0.024330990 -0.016138351 -0.009610006 0.999823570 0.004236890
0.999843955 0.003718573 0.017268576 0.003962698 -0.003860929 0.999958813 0.008217611 -0.025443463 -0.017237304 -0.008283002 0.999817073 0.003205905
0.999748647 0.009056035 0.020508552 0.003448519 -0.009260157 0.999908328 0.009879969 -0.031208441 -0.020417199 -0.010067398 0.999740839 -0.001120580
0.999563932 0.011014809 0.027397543 0.006322178 -0.011342008 0.999865890 0.011816048 -0.032916032 -0.027263716 -0.012121639 0.999554694 0.005243320
0.999271452 0.012854104 0.035935584 0.005211498 -0.013354149 0.999816895 0.013709803 -0.036397707 -0.035752777 -0.014179704 0.999260068 0.000725511
0.999037683 0.009780829 0.042755660 0.008960986 -0.010416240 0.999838233 0.014664012 -0.037596650 -0.042605318 -0.015095253 0.998977959 0.005907528
0.998964727 0.005786503 0.045121387 0.011159073 -0.006497957 0.999856651 0.015636882 -0.036855888 -0.045024425 -0.015913887 0.998859107 0.008123183
0.999059796 0.004878904 0.043079656 0.011575997 -0.005665481 0.999819100 0.018155491 -0.037159909 -0.042983282 -0.018382488 0.998906672 0.009196437
0.999214470 0.006130270 0.039151788 0.012434287 -0.007042156 0.999706149 0.023195753 -0.037265040 -0.038998090 -0.023453245 0.998964012 0.013640443
0.999361277 0.011928226 0.033684716 0.010641232 -0.012878797 0.999520898 0.028145157 -0.037101738 -0.033332851 -0.028560996 0.999036133 0.008017384
0.999377847 0.018599859 0.029963655 0.010832073 -0.019569481 0.999283373 0.032398455 -0.035320614 -0.029339578 -0.032964673 0.999025762 0.010426532
0.999446929 0.022954587 0.024059488 0.012214201 -0.023817392 0.999060273 0.036210366 -0.033872209 -0.023205683 -0.036763374 0.999054551 0.013759828
0.999545932 0.023406243 0.018976990 0.010843704 -0.024156075 0.998895705 0.040296476 -0.036377653 -0.018012846 -0.040736578 0.999007523 0.008602542
0.999627709 0.021374689 0.016962625 0.012104582 -0.022074929 0.998864055 0.042228140 -0.036322687 -0.016040746 -0.042586863 0.998963952 0.010235590
0.999629200 0.021906527 0.016176404 0.013054650 -0.022587918 0.998810351 0.043215834 -0.037415322 -0.015210452 -0.043565191 0.998934746 0.009713965
0.999600887 0.023222852 0.016087478 0.013070031 -0.023948818 0.998630702 0.046508491 -0.039504223 -0.014985392 -0.046875197 0.998788357 0.008167324
0.999506772 0.026894821 0.016213473 0.012812679 -0.027675625 0.998364210 0.050029356 -0.040865712 -0.014841422 -0.050453387 0.998616099 0.008418078
0.999455392 0.028002374 0.017459916 0.013767322 -0.028863113 0.998272836 0.051167727 -0.040859398 -0.015996944 -0.051643800 0.998537421 0.008046360
0.999408841 0.028888799 0.018639835 0.013662234 -0.029846862 0.998129725 0.053351097 -0.044753619 -0.017063724 -0.053875893 0.998401821 0.005960180
0.999452710 0.027855948 0.017844271 0.015094547 -0.028756864 0.998212218 0.052396491 -0.046488266 -0.016352817 -0.052880954 0.998466849 0.005151303
0.999431551 0.030076148 0.015231662 0.016596483 -0.030850850 0.998092353 0.053476714 -0.048544139 -0.013594235 -0.053916220 0.998452902 0.006771573
0.999376237 0.031975232 0.014994737 0.016981816 -0.032746725 0.997982621 0.054390702 -0.050151527 -0.013225333 -0.054847792 0.998407066 0.005980264
0.999369144 0.032436039 0.014473206 0.017538458 -0.033184566 0.997941017 0.054886069 -0.051659171 -0.012663123 -0.055331726 0.998387694 0.007013935
0.999380052 0.032540344 0.013436355 0.018717814 -0.033237420 0.997910440 0.055406887 -0.053903636 -0.011605321 -0.055819124 0.998373389 0.007066325
0.999421597 0.031242663 0.013437026 0.018107221 -0.031934634 0.997986257 0.054804653 -0.056507226 -0.011697725 -0.055202045 0.998406589 0.010887113
0.999473751 0.029554239 0.013374578 0.020880859 -0.030209271 0.998202622 0.051758993 -0.058673497 -0.011820844 -0.052135784 0.998570025 0.016996549
0.999390841 0.031072093 0.015894607 0.021534448 -0.031778175 0.998422503 0.046288274 -0.058086645 -0.014431262 -0.046765167 0.998801649 0.019035116
0.999365628 0.031567886 0.016489750 0.023825392 -0.032266773 0.998510659 0.043992959 -0.064209923 -0.015076427 -0.044497114 0.998895705 0.020131396
0.999217451 0.036127035 0.016100349 0.022710904 -0.036782928 0.998419285 0.042497128 -0.063253373 -0.014539598 -0.043056086 0.998966873 0.024828387
0.999083042 0.038991202 0.017683674 0.024714358 -0.039738238 0.998237848 0.044069752 -0.070122316 -0.015934180 -0.044732057 0.998871922 0.025265379
0.999071479 0.037812773 0.020647548 0.027691072 -0.038656738 0.998363912 0.042133123 -0.075305223 -0.019020598 -0.042892169 0.998898566 0.024950739
0.999068260 0.037214875 0.021855658 0.028991224 -0.038054988 0.998499751 0.039371468 -0.078047372 -0.020357665 -0.040166505 0.998985529 0.026738690
0.999008060 0.037660275 0.023759862 0.031282499 -0.038524915 0.998570621 0.037048288 -0.081325881 -0.022330655 -0.037926886 0.999030948 0.031550009
0.998941779 0.038851906 0.024615083 0.033891417 -0.039679501 0.998631239 0.034076028 -0.086112082 -0.023257470 -0.035016686 0.999116004 0.032115057
0.998681724 0.043866787 0.026654001 0.034646202 -0.044755921 0.998428285 0.033731636 -0.091357663 -0.025132408 -0.034880094 0.999075413 0.027848529
0.998530865 0.047213990 0.026588865 0.038217451 -0.048056632 0.998331964 0.031998217 -0.094987966 -0.025033750 -0.033228979 0.999134183 0.034351841
0.998460472 0.049356047 0.025309667 0.040770896 -0.050158303 0.998225033 0.032108344 -0.099999353 -0.023680000 -0.033328403 0.999163926 0.033422418
0.998418629 0.050322987 0.025053529 0.043898873 -0.051091596 0.998211265 0.031046789 -0.103921384 -0.023446346 -0.032277718 0.999203920 0.037591342
0.998272300 0.052526101 0.026332628 0.045308892 -0.053313203 0.998122931 0.030137047 -0.107203715 -0.024700219 -0.031488858 0.999198854 0.033975378
0.998281777 0.050954264 0.028935226 0.049431607 -0.051795721 0.998233140 0.029116133 -0.112256363 -0.027400510 -0.030564824 0.999157131 0.040274683
0.998315215 0.049213815 0.030736482 0.052358523 -0.050065838 0.998364747 0.027594609 -0.118853375 -0.029328180 -0.029086970 0.999146521 0.040718496
0.998327434 0.048580669 0.031341750 0.053471591 -0.049406562 0.998436749 0.026137680 -0.121818297 -0.030022964 -0.027642448 0.999166965 0.040552881
0.998436213 0.044976719 0.033199299 0.056617357 -0.045856867 0.998603284 0.026243091 -0.129304752 -0.031972602 -0.027724467 0.999104142 0.043199841
0.998574078 0.040948104 0.034249660 0.059843101 -0.041870676 0.998767078 0.026667405 -0.134322062 -0.033115454 -0.028063437 0.999057353 0.043161806
0.998683214 0.037195727 0.035329580 0.061850496 -0.038108636 0.998947501 0.025527671 -0.140262231 -0.034342874 -0.026840419 0.999049604 0.043804225
0.998762846 0.034847759 0.035474613 0.062399201 -0.035671268 0.999102294 0.022851871 -0.148652479 -0.034646429 -0.024089022 0.999109209 0.045714829
0.998836756 0.033603586 0.034583177 0.063164875 -0.034300607 0.999216139 0.019762738 -0.148436427 -0.033891968 -0.020925971 0.999206364 0.046816271
0.998988390 0.030163988 0.033351563 0.067213126 -0.030795477 0.999352932 0.018585393 -0.162526652 -0.032769363 -0.019593669 0.999270856 0.048505612
0.999028444 0.028809765 0.033350274 0.067361444 -0.029334296 0.999451935 0.015346784 -0.169503346 -0.032889854 -0.016310180 0.999325871 0.051044121
0.999054313 0.025600797 0.035146169 0.069984362 -0.026173802 0.999530256 0.015941268 -0.179280624 -0.034721550 -0.016846102 0.999255002 0.048552524
0.999037087 0.020814352 0.038621787 0.072736047 -0.021495007 0.999619365 0.017292852 -0.187333912 -0.038247149 -0.018106373 0.999104261 0.047713514
0.999150753 0.018444380 0.036846660 0.076164648 -0.019236738 0.999588668 0.021266641 -0.194107115 -0.036439255 -0.021957386 0.999094605 0.048789147
0.999166846 0.023922360 0.033063013 0.077215128 -0.024798499 0.999345124 0.026348073 -0.202631623 -0.032411058 -0.027146034 0.999105990 0.052939221
0.999239981 0.025248721 0.029698759 0.078355893 -0.026163440 0.999182224 0.030825496 -0.206143990 -0.028896173 -0.031579092 0.999083459 0.056577645
0.999383211 0.022770992 0.026732424 0.078951903 -0.023693589 0.999116242 0.034718491 -0.219339177 -0.025918225 -0.035330467 0.999039531 0.049949542
0.999540985 0.018167684 0.024241317 0.080060966 -0.018946130 0.999299228 0.032278858 -0.225504026 -0.023637900 -0.032723326 0.999184906 0.048438400
0.999571264 0.014767922 0.025280491 0.079474382 -0.015440686 0.999526143 0.026626641 -0.228044793 -0.024875289 -0.027005570 0.999325752 0.052855060
0.999608457 0.010117219 0.026088804 0.083358623 -0.010695862 0.999697745 0.022136426 -0.239126429 -0.025856957 -0.022406796 0.999414444 0.051062416
0.999588311 0.012977185 0.025590684 0.083694987 -0.013463435 0.999730349 0.018921264 -0.241617471 -0.025338234 -0.019258007 0.999493420 0.049430102
0.999583125 0.016105752 0.023963483 0.086042412 -0.016628861 0.999624312 0.021792771 -0.254328668 -0.023603486 -0.022182168 0.999475241 0.052370172
0.999530971 0.023498567 0.019636203 0.088644646 -0.024095800 0.999236524 0.030753145 -0.268432736 -0.018898552 -0.031211870 0.999334097 0.053642515
0.999628186 0.021699365 0.016511094 0.095911428 -0.022252874 0.999170184 0.034113117 -0.289537162 -0.015757160 -0.034467850 0.999281585 0.047949556
0.999663532 0.018931873 0.017729834 0.097267389 -0.019552287 0.999178469 0.035499010 -0.296500236 -0.017043203 -0.035833720 0.999212444 0.050122656
0.999718189 0.016193382 0.017354453 0.099820673 -0.016799165 0.999233782 0.035348739 -0.310849458 -0.016768740 -0.035630319 0.999224365 0.048865527
0.999701679 0.016432950 0.018072145 0.101435602 -0.017004849 0.999344409 0.031960655 -0.315457880 -0.017535094 -0.032258432 0.999325752 0.044525836
0.999714792 0.015267616 0.018360605 0.104911998 -0.015838629 0.999382436 0.031367335 -0.331863225 -0.017870363 -0.031649198 0.999339342 0.046413239
0.999718785 0.014940668 0.018411901 0.106503509 -0.015503412 0.999405026 0.030810352 -0.340947986 -0.017940618 -0.031087141 0.999355674 0.047355566
0.999681652 0.017420288 0.018249512 0.108702511 -0.017997822 0.999326646 0.031975396 -0.355073512 -0.017680204 -0.032293670 0.999322057 0.046416711
0.999615490 0.021027237 0.018071325 0.109567523 -0.021627381 0.999198556 0.033682242 -0.364160389 -0.017348602 -0.034060132 0.999269247 0.047270186
0.999609947 0.024500856 0.013401795 0.111575820 -0.025007442 0.998924732 0.039037738 -0.383024156 -0.012430929 -0.039357662 0.999147832 0.048737362
0.999610722 0.025904067 0.010366084 0.111048110 -0.026309296 0.998809516 0.041078888 -0.391974032 -0.009289633 -0.041335627 0.999102175 0.051043235
0.999615252 0.026053872 0.009515521 0.112144023 -0.026426131 0.998795092 0.041351605 -0.400510401 -0.008426689 -0.041587155 0.999099433 0.051115267
0.999622166 0.025368946 0.010580567 0.111884065 -0.025755821 0.998938501 0.038190302 -0.408315152 -0.009600491 -0.038448390 0.999214470 0.050224248
0.999677181 0.023475070 0.009720026 0.112734355 -0.023815893 0.999047160 0.036574453 -0.414654046 -0.008852175 -0.036794141 0.999283731 0.053270936
0.999731302 0.022254795 0.006494419 0.113507487 -0.022470143 0.999126911 0.035220474 -0.422788143 -0.005704927 -0.035356946 0.999358475 0.052899964
0.999710202 0.023882374 0.003019704 0.114457689 -0.023976995 0.999041975 0.036612723 -0.437522769 -0.002142412 -0.036674514 0.999324977 0.054934707
0.999624789 0.027336188 0.001723796 0.115288280 -0.027381925 0.998904884 0.037938684 -0.442742825 -0.000684809 -0.037971646 0.999278665 0.057052426
0.999496520 0.031579103 0.003078264 0.114168063 -0.031677872 0.998679101 0.040456980 -0.455272913 -0.001796603 -0.040534128 0.999176562 0.057541087
0.999616504 0.026865207 0.006717656 0.120433986 -0.027103735 0.998895705 0.038376901 -0.472137928 -0.005679234 -0.038544256 0.999240756 0.057094999
0.999607921 0.023930281 0.014536534 0.121603765 -0.024445770 0.999038875 0.036384553 -0.484460682 -0.013651869 -0.036725644 0.999232173 0.059774436
0.999567986 0.022260629 0.019191861 0.127617583 -0.022931479 0.999107420 0.035473872 -0.494887769 -0.018385060 -0.035898652 0.999186277 0.058307111
0.999370039 0.025617119 0.024561282 0.128654063 -0.026552597 0.998903811 0.038549837 -0.500850379 -0.023546824 -0.039177720 0.998954773 0.063294090
0.999007702 0.030501982 0.032454278 0.134050921 -0.031882074 0.998570859 0.042892776 -0.514685631 -0.031099586 -0.043884926 0.998552442 0.064175792
0.998449028 0.035364192 0.042998239 0.136398673 -0.037301138 0.998285294 0.045111969 -0.523320019 -0.041329160 -0.046645887 0.998056173 0.065155730
0.997835696 0.035342257 0.055451699 0.139345616 -0.037997440 0.998144329 0.047582574 -0.532410026 -0.053667121 -0.049586616 0.997326910 0.067351699
0.996943712 0.031083642 0.071672447 0.141725972 -0.034073588 0.998583019 0.040878523 -0.551582038 -0.070300229 -0.043195739 0.996590197 0.072979249
0.996621430 0.029331090 0.076716296 0.146634057 -0.032478478 0.998667419 0.040105522 -0.564290345 -0.075437732 -0.042461656 0.996245980 0.072266407
0.996132910 0.030962953 0.082222469 0.146786958 -0.034381136 0.998588383 0.040486928 -0.571785510 -0.080852807 -0.043157268 0.995791316 0.077176549
0.995930791 0.029567463 0.085133202 0.149627745 -0.033180259 0.998594105 0.041339312 -0.586735725 -0.083791211 -0.043995842 0.995511651 0.078622624
0.995839477 0.028700206 0.086487561 0.147615924 -0.032174215 0.998719394 0.039044950 -0.587314963 -0.085256211 -0.041665174 0.995487571 0.079559632
0.995781541 0.027845740 0.087428868 0.151793823 -0.031342685 0.998752117 0.038882785 -0.607914448 -0.086237043 -0.041459013 0.995411634 0.082606658
0.995190024 0.029963030 0.093268648 0.155714393 -0.033799186 0.998634875 0.039825689 -0.631763935 -0.091948025 -0.042786535 0.994844198 0.083414838
0.994447112 0.030216116 0.100806542 0.157417998 -0.034244090 0.998672962 0.038468942 -0.640421808 -0.099510379 -0.041707359 0.994162083 0.086883426
0.993672073 0.026936933 0.109042630 0.160239339 -0.030933045 0.998904169 0.035122804 -0.650145769 -0.107977025 -0.038273569 0.993416369 0.088027187
0.992912710 0.023019455 0.116595022 0.165272176 -0.026842089 0.999148905 0.031321991 -0.660668433 -0.115774773 -0.034229655 0.992685556 0.089795567
0.992085099 0.016717838 0.124449231 0.169139668 -0.020977138 0.999235392 0.032993801 -0.675379217 -0.123802498 -0.035343248 0.991677225 0.088871777
0.990742683 0.009455304 0.135423616 0.173529088 -0.014401616 0.999262631 0.035591759 -0.691258371 -0.134987235 -0.037212595 0.990148306 0.093093656
0.990049124 0.010562051 0.140324578 0.180199176 -0.016452413 0.999028504 0.040883150 -0.705479681 -0.139756441 -0.042784996 0.989261150 0.090815604
0.989846647 0.012712516 0.141569197 0.179545462 -0.019622086 0.998677552 0.047518484 -0.712469101 -0.140777901 -0.049813896 0.988787174 0.091143586
0.990328908 0.011385305 0.138271675 0.185641885 -0.019711433 0.998063564 0.058996506 -0.726125598 -0.137332231 -0.061151482 0.988635540 0.088602893
0.989267826 0.004258874 0.146052346 0.194975659 -0.013718961 0.997866750 0.063826002 -0.741783023 -0.145468980 -0.065144688 0.987215698 0.085710749
0.988633811 -0.004261901 0.150283128 0.195778325 -0.005880781 0.997736931 0.066981547 -0.753283620 -0.150228485 -0.067103997 0.986371338 0.082374655
0.988104105 -0.010149051 0.153451174 0.195852265 -0.000579199 0.997567356 0.069707341 -0.750671983 -0.153785348 -0.068966977 0.985694468 0.085319564
0.987793922 -0.012640338 0.155252606 0.202144668 0.001505798 0.997430265 0.071628034 -0.755993187 -0.155759066 -0.070519947 0.985274613 0.082123123
0.985548615 -0.012974881 0.168895334 0.209335238 0.000862290 0.997433484 0.071593173 -0.763818920 -0.169390813 -0.070412919 0.983030379 0.082893439
0.984356880 -0.013383610 0.175677076 0.209209815 0.001551192 0.997730315 0.067318462 -0.770973623 -0.176179290 -0.065992877 0.982143462 0.082814418
0.983183801 -0.014658359 0.182029590 0.208244428 0.002844861 0.997881770 0.064991020 -0.774699628 -0.182596669 -0.063380279 0.981142938 0.087352008
0.981839359 -0.014070434 0.189191759 0.206448734 0.002257673 0.998041749 0.062509112 -0.778714538 -0.189700827 -0.060946777 0.979948461 0.091517694
0.981422663 -0.017707001 0.191039309 0.221328378 0.006228499 0.998147666 0.060518496 -0.783707380 -0.191757038 -0.058204338 0.979714990 0.083792679
0.980192244 -0.018687805 0.197164983 0.227585241 0.007199066 0.998242199 0.058826301 -0.796638846 -0.197917759 -0.056241684 0.978603780 0.084985420
0.980139196 -0.015752556 0.197683945 0.229870155 0.004796460 0.998431623 0.055779196 -0.794164240 -0.198252574 -0.053723194 0.978677511 0.087735623
0.979609847 -0.011591996 0.200574443 0.234985590 0.000992528 0.998601139 0.052865610 -0.802924812 -0.200906724 -0.051588587 0.978251040 0.091235690
0.979022980 -0.005095567 0.203685969 0.236540422 -0.004854077 0.998820245 0.048318531 -0.805851161 -0.203691900 -0.048293661 0.977843225 0.091784760
0.978566945 -0.001643148 0.205922171 0.236143336 -0.008011367 0.998907328 0.046041723 -0.805259585 -0.205772862 -0.046704620 0.977484584 0.096985728
0.977291167 -0.007523155 0.211766988 0.253729910 -0.001608368 0.999077439 0.042915367 -0.812652588 -0.211894482 -0.042281408 0.976377487 0.104502343
0.975505292 -0.010535747 0.219723463 0.259302735 0.002482637 0.999316037 0.036895078 -0.816327155 -0.219961941 -0.035445843 0.974864244 0.107744820
0.973583162 -0.016249521 0.227753863 0.265073061 0.008566596 0.999361694 0.034681544 -0.820952773 -0.228172079 -0.031814288 0.973100901 0.110940531
0.972317934 -0.019965811 0.232807145 0.268610805 0.012994654 0.999421179 0.031439420 -0.818646967 -0.233300105 -0.027543861 0.972014606 0.116650060
0.971602023 -0.020575091 0.235724613 0.272708982 0.013432524 0.999401867 0.031866495 -0.827334642 -0.236239284 -0.027795168 0.971297324 0.120417789
0.970945597 -0.012638995 0.238966420 0.286150157 0.005908686 0.999565959 0.028859703 -0.831552923 -0.239227474 -0.026609218 0.970598876 0.132635012
0.970843136 -0.010344610 0.239492521 0.293428838 0.003103901 0.999527097 0.030591005 -0.832660794 -0.239695758 -0.028955702 0.970416129 0.137238383
0.971273482 -0.009268614 0.237785444 0.299318641 0.002220517 0.999550700 0.029891316 -0.832005203 -0.237955660 -0.028504636 0.970857680 0.144212395
0.971947551 -0.007570787 0.235075906 0.308043212 0.002159982 0.999727011 0.023266235 -0.828668296 -0.235187873 -0.022105798 0.971698582 0.150182173
0.972682953 -0.002024965 0.232128710 0.314037919 -0.001842425 0.999863207 0.016442524 -0.827211082 -0.232130215 -0.016421044 0.972546160 0.155845180
0.972119868 -0.001111573 0.234481841 0.325721830 -0.001704619 0.999928832 0.011807265 -0.836066782 -0.234478295 -0.011877778 0.972048819 0.171366543
0.971748769 -0.000265393 0.236017540 0.337285876 -0.001659453 0.999966979 0.007956848 -0.834853947 -0.236011818 -0.008123718 0.971716225 0.178140774
0.970446825 0.007882470 0.241186112 0.353492379 -0.009356855 0.999943912 0.004968379 -0.833024383 -0.241133392 -0.007078292 0.970466197 0.191947266
0.968968034 0.007326589 0.247077197 0.357521862 -0.009488599 0.999926388 0.007560800 -0.837423027 -0.247003600 -0.009670591 0.968966305 0.200112864
0.967695057 0.004848142 0.252077192 0.363460660 -0.007182612 0.999939442 0.008341605 -0.843973458 -0.252021492 -0.009882702 0.967671156 0.210766673
0.965411544 0.005219429 0.260678709 0.379982501 -0.005742694 0.999982715 0.001245688 -0.832287490 -0.260667711 -0.002699601 0.965424836 0.215673774
0.962260425 0.002760827 0.272116244 0.387975395 -0.002008326 0.999993324 -0.003043832 -0.832807362 -0.272122830 0.002382460 0.962259591 0.225705221
0.957421839 -0.000559822 0.288692057 0.397532433 0.001983733 0.999987245 -0.004639736 -0.834333956 -0.288685769 0.005014874 0.957410812 0.239963874
0.956679225 -0.000872093 0.291142762 0.407036960 0.001912675 0.999992728 -0.003289555 -0.833968520 -0.291137755 0.003703910 0.956673980 0.249380261
0.955102623 -0.002754054 0.296262324 0.416322052 0.003749062 0.999989033 -0.002790484 -0.835689783 -0.296251357 0.003775905 0.955102503 0.257802576
0.953121781 -0.002544530 0.302576333 0.432850063 0.004681681 0.999968946 -0.006338105 -0.828440130 -0.302550793 0.007457552 0.953104138 0.264025569
0.950853586 -0.004797610 0.309603572 0.443113774 0.006843668 0.999961317 -0.005522879 -0.830350339 -0.309565097 0.007370273 0.950849712 0.269912660
0.947865963 -0.003649966 0.318648279 0.469542384 0.005475204 0.999973476 -0.004832574 -0.826367736 -0.318622172 0.006325296 0.947860658 0.283903360
0.946673453 -0.003585446 0.322174758 0.480677962 0.004697413 0.999985456 -0.002674084 -0.827672541 -0.322160542 0.004044871 0.946676373 0.297427654
0.945997298 -0.006987086 0.324099123 0.492173880 0.007646841 0.999970496 -0.000762151 -0.827412486 -0.324084222 0.003199326 0.946022809 0.307308882
0.946221709 -0.007406772 0.323434085 0.508869946 0.008944320 0.999954641 -0.003267663 -0.824181199 -0.323395252 0.005984832 0.946245074 0.315197587
0.944852412 -0.003451428 0.327478260 0.509312034 0.004956264 0.999980569 -0.003760789 -0.826650858 -0.327458948 0.005176459 0.944851279 0.324479103
0.946104050 -0.002554736 0.323852777 0.542468846 0.006449041 0.999919236 -0.010952307 -0.825387895 -0.323798627 0.012450560 0.946044087 0.341481954
0.946814954 -0.004578694 0.321745902 0.553800106 0.010140790 0.999826670 -0.015613414 -0.824248195 -0.321618617 0.018045772 0.946697295 0.344909996
0.947174072 -0.003088177 0.320705026 0.586642444 0.013631220 0.999437690 -0.030634681 -0.822011292 -0.320430130 0.033387978 0.946683526 0.372190326
0.946555138 0.001398949 0.322539032 0.587150693 0.012375277 0.999096751 -0.040651105 -0.819806039 -0.322304577 0.042470016 0.945682943 0.386793464
0.948647022 0.002326924 0.316327900 0.594984353 0.013661609 0.998738468 -0.048317056 -0.818576992 -0.316041321 0.050157387 0.947418630 0.395049870
0.951198876 0.006818383 0.308503121 0.616738498 0.009597626 0.998618543 -0.051663056 -0.824872077 -0.308429122 0.052102745 0.949819326 0.407716691
0.952800035 0.011389560 0.303384960 0.622152686 0.005605086 0.998465776 -0.055087149 -0.816543818 -0.303546906 0.054187536 0.951274395 0.402309030
0.958113372 0.022505304 0.285503298 0.646146417 -0.007951803 0.998613656 -0.052032243 -0.822309852 -0.286278486 0.047582522 0.956964195 0.439885229
0.961005926 0.024131427 0.275472701 0.654942393 -0.012840611 0.999004722 -0.042717490 -0.830894649 -0.276229382 0.037514523 0.960359335 0.447221011
0.962532341 0.024546228 0.270053416 0.663308263 -0.016265461 0.999327540 -0.032859012 -0.825101376 -0.270678401 0.027235324 0.962284446 0.457359582
0.962721169 0.022380307 0.269568354 0.672566950 -0.016261354 0.999557436 -0.024911147 -0.827485085 -0.270006537 0.019598942 0.962659001 0.468035251
0.962584972 0.018657193 0.270337492 0.685256362 -0.012144781 0.999594748 -0.025742844 -0.826271832 -0.270708203 0.021496478 0.962421358 0.479562879
0.960663736 0.010291386 0.277523786 0.695397377 -0.004146065 0.999733150 -0.022721188 -0.836209655 -0.277683556 0.020676786 0.960450053 0.502130270
0.960644901 0.003180921 0.277761191 0.708760142 0.001843988 0.999839306 -0.017827652 -0.828945100 -0.277773261 0.017638231 0.960484684 0.512383044
0.960748076 -0.003453014 0.277401149 0.716874719 0.006808814 0.999914765 -0.011134906 -0.827432394 -0.277339071 0.012586609 0.960689664 0.525263846
0.961610436 -0.008688667 0.274280697 0.723005116 0.010911813 0.999918759 -0.006580675 -0.825199306 -0.274201244 0.009320941 0.961627185 0.536431968
0.962018192 -0.011605664 0.272738606 0.732370377 0.012166659 0.999925852 -0.000365724 -0.823487461 -0.272714138 0.003670150 0.962088108 0.551411390
0.963057041 -0.022293553 0.268373191 0.742947400 0.020661464 0.999746799 0.008904557 -0.814394653 -0.268503785 -0.003030612 0.963273883 0.578818202
0.964477837 -0.030383857 0.262410551 0.749691427 0.028585447 0.999534428 0.010669079 -0.810948551 -0.262612551 -0.002788966 0.964897394 0.594046950
0.965691507 -0.031195587 0.257811636 0.754266202 0.029480299 0.999509990 0.010517094 -0.808038354 -0.258013427 -0.002555904 0.966138005 0.610470891
0.968613148 -0.024868598 0.247326359 0.764457107 0.022585241 0.999672115 0.012065383 -0.801015854 -0.247545347 -0.006100762 0.968857110 0.648242712
0.969299018 -0.021308081 0.244960442 0.773257434 0.019246010 0.999756277 0.010808905 -0.801013410 -0.245131105 -0.005762548 0.969472826 0.665609419
0.969416976 -0.021823589 0.244447544 0.777227461 0.020943038 0.999761462 0.006201126 -0.796349823 -0.244524568 -0.000892002 0.969642758 0.685792029
