1.000000000 0.000000000 0.000000000 0.000000000 0.000000000 1.000000000 0.000000000 0.000000000 0.000000000 0.000000000 1.000000000 0.000000000
0.999999702 -0.000677396 -0.000308285 0.000623489 0.000677209 0.999999583 -0.000605904 0.001167906 0.000308695 0.000605695 0.999999762 0.000187240
0.999999762 -0.000659549 -0.000247071 0.000642894 0.000659431 0.999999642 -0.000476531 0.001178110 0.000247385 0.000476368 0.999999881 0.000166243
0.999999940 0.000362366 -0.000083972 0.000058475 -0.000362363 0.999999940 0.000035158 -0.000002425 0.000083984 -0.000035128 1.000000000 0.000022786
1.000000000 0.000212276 0.000031707 -0.000029892 -0.000212272 0.999999940 -0.000126159 0.000094138 -0.000031733 0.000126153 1.000000000 0.000075841
1.000000000 0.000209394 0.000098108 -0.000128152 -0.000209383 1.000000000 -0.000110445 0.000007030 -0.000098131 0.000110425 1.000000000 -0.000058600
1.000000000 0.000162360 0.000113551 -0.000030175 -0.000162361 1.000000000 0.000017428 -0.000001121 -0.000113548 -0.000017446 1.000000000 -0.000028492
0.999999940 0.000284936 0.000132243 -0.000026604 -0.000284962 0.999999940 0.000192281 -0.000247332 -0.000132188 -0.000192319 1.000000000 -0.000219882
1.000000000 0.000050173 0.000090056 0.000040443 -0.000050197 0.999999940 0.000271694 -0.000082417 -0.000090042 -0.000271699 0.999999940 0.000103429
1.000000000 0.000219320 0.000081895 0.000002129 -0.000219341 0.999999940 0.000261659 -0.000168151 -0.000081838 -0.000261677 0.999999940 -0.000059575
1.000000000 0.000076771 0.000039304 -0.000005817 -0.000076775 1.000000000 0.000111411 -0.000087681 -0.000039295 -0.000111414 1.000000000 -0.000058745
1.000000000 -0.000001674 -0.000064185 0.000063284 0.000001683 1.000000000 0.000137134 -0.000051633 0.000064185 -0.000137134 1.000000000 0.000051301
1.000000000 -0.000037088 0.000043875 -0.000002229 0.000037081 1.000000000 0.000147822 -0.000011729 -0.000043880 -0.000147820 1.000000000 0.000009503
1.000000000 0.000099148 0.000065564 0.000015474 -0.000099153 1.000000000 0.000079404 -0.000061077 -0.000065556 -0.000079411 1.000000000 0.000000834
0.999999940 -0.000205415 0.000198377 -0.000050597 0.000205428 1.000000000 -0.000065755 -0.000022173 -0.000198363 0.000065796 1.000000000 -0.000040613
1.000000000 -0.000047649 0.000153840 -0.000006912 0.000047645 1.000000000 0.000026211 0.000003712 -0.000153842 -0.000026204 1.000000000 -0.000046389
1.000000000 0.000108617 0.000017524 0.000056496 -0.000108620 1.000000000 0.000175123 -0.000172122 -0.000017504 -0.000175125 1.000000000 -0.000106829
1.000000000 0.000148242 0.000059241 -0.000008310 -0.000148251 1.000000000 0.000154834 -0.000081708 -0.000059218 -0.000154843 1.000000000 -0.000017935
1.000000000 0.000130477 0.000080475 0.000013889 -0.000130495 0.999999940 0.000230397 -0.000186700 -0.000080445 -0.000230408 1.000000000 -0.000038330
1.000000000 0.000183113 0.000078295 -0.000044426 -0.000183126 0.999999940 0.000166865 -0.000127709 -0.000078265 -0.000166880 1.000000000 -0.000043523
1.000000000 -0.000050705 0.000101871 0.000003022 0.000050695 1.000000000 0.000093249 -0.000076570 -0.000101875 -0.000093244 1.000000000 -0.000012520
1.000000000 0.000031716 0.000041061 0.000034846 -0.000031723 1.000000000 0.000169975 -0.000063650 -0.000041055 -0.000169976 1.000000000 0.000021907
1.000000000 -0.000163869 0.000016960 0.000098836 0.000163866 0.999999940 0.000186143 -0.000206579 -0.000016991 -0.000186140 1.000000000 -0.000110119
1.000000000 -0.000046567 0.000028791 0.000094961 0.000046563 1.000000000 0.000151812 -0.000093217 -0.000028798 -0.000151811 1.000000000 -0.000144946
1.000000000 0.000073954 0.000067266 0.000023111 -0.000073970 1.000000000 0.000223987 -0.000246307 -0.000067249 -0.000223992 1.000000000 -0.000145832
1.000000000 0.000080065 0.000085867 -0.000007760 -0.000080080 1.000000000 0.000174937 -0.000125850 -0.000085853 -0.000174944 1.000000000 -0.000011254
0.999999940 0.000210568 0.000175451 -0.000037217 -0.000210621 0.999999940 0.000298544 -0.000267711 -0.000175389 -0.000298581 0.999999940 -0.000195338
1.000000000 0.000139709 0.000173295 -0.000106296 -0.000139736 1.000000000 0.000158119 -0.000064044 -0.000173273 -0.000158143 1.000000000 -0.000025461
0.999999940 0.000221308 0.000120739 -0.000031929 -0.000221333 0.999999940 0.000202128 -0.000214817 -0.000120694 -0.000202154 1.000000000 -0.000093754
1.000000000 0.000122549 0.000134341 -0.000019010 -0.000122585 0.999999940 0.000272805 -0.000275153 -0.000134307 -0.000272822 0.999999940 -0.000050026
1.000000000 0.000099436 0.000099612 -0.000115848 -0.000099453 1.000000000 0.000173792 -0.000085043 -0.000099594 -0.000173802 1.000000000 0.000025754
0.999999940 0.000318276 0.000072198 -0.000021827 -0.000318295 0.999999940 0.000270583 -0.000116551 -0.000072112 -0.000270606 0.999999940 -0.000011055
1.000000000 0.000142866 0.000157905 -0.000028362 -0.000142895 1.000000000 0.000182758 -0.000005505 -0.000157879 -0.000182780 1.000000000 -0.000064665
1.000000000 -0.000014582 0.000101343 -0.000015953 0.000014570 1.000000000 0.000113991 -0.000017062 -0.000101345 -0.000113990 1.000000000 -0.000004789
1.000000000 0.000048254 0.000134694 -0.000095865 -0.000048285 1.000000000 0.000232106 -0.000016185 -0.000134683 -0.000232113 0.999999940 0.000096682
1.000000000 0.000118107 0.000184490 -0.000016594 -0.000118142 1.000000000 0.000187165 -0.000016990 -0.000184468 -0.000187186 0.999999940 0.000000435
1.000000000 0.000078942 0.000201446 -0.000032012 -0.000078977 1.000000000 0.000173290 -0.000031608 -0.000201433 -0.000173306 0.999999940 -0.000038870
1.000000000 0.000094457 0.000157200 -0.000002371 -0.000094502 0.999999940 0.000289930 -0.000230902 -0.000157173 -0.000289945 0.999999940 -0.000232192
1.000000000 0.000045786 0.000103468 -0.000009298 -0.000045806 1.000000000 0.000194011 -0.000109980 -0.000103459 -0.000194016 1.000000000 -0.000103997
1.000000000 0.000051122 0.000096707 -0.000094930 -0.000051142 1.000000000 0.000210054 0.000011269 -0.000096697 -0.000210059 1.000000000 0.000127359
1.000000000 -0.000049694 0.000164030 -0.000022322 0.000049664 1.000000000 0.000186043 -0.000185866 -0.000164039 -0.000186035 0.999999940 -0.000155842
1.000000000 0.000088418 0.000093900 0.000030879 -0.000088437 1.000000000 0.000204780 -0.000303704 -0.000093882 -0.000204789 1.000000000 -0.000173655
1.000000000 0.000112037 0.000084654 0.000031934 -0.000112052 1.000000000 0.000179906 -0.000114449 -0.000084634 -0.000179915 1.000000000 -0.000119790
1.000000000 0.000137982 0.000190010 -0.000062561 -0.000138027 0.999999940 0.000234567 -0.000190561 -0.000189977 -0.000234593 0.999999940 -0.000143825
0.999999940 0.000232644 0.000260919 -0.000249459 -0.000232727 0.999999940 0.000315962 -0.000330562 -0.000260846 -0.000316023 0.999999940 -0.000116177
1.000000000 0.000126552 0.000149352 -0.000106650 -0.000126578 1.000000000 0.000177397 0.000032477 -0.000149330 -0.000177416 1.000000000 0.000087539
0.999999940 0.000225869 0.000232743 -0.000224689 -0.000225951 0.999999940 0.000352095 -0.000319177 -0.000232664 -0.000352147 0.999999940 -0.000110205
0.999999940 0.000226514 0.000197728 -0.000195504 -0.000226561 0.999999940 0.000239387 -0.000098217 -0.000197674 -0.000239432 0.999999940 -0.000042656
0.999999940 0.000105666 0.000289747 -0.000140454 -0.000105774 0.999999940 0.000374317 -0.000245325 -0.000289708 -0.000374348 0.999999881 -0.000178404
0.999999940 0.000192720 0.000306764 -0.000164947 -0.000192773 0.999999940 0.000173997 -0.000046328 -0.000306731 -0.000174056 0.999999940 -0.000153540
1.000000000 0.000068461 0.000229562 -0.000028761 -0.000068538 0.999999940 0.000338069 -0.000072746 -0.000229539 -0.000338085 0.999999940 -0.000023385
0.999999940 0.000317154 0.000197156 -0.000110197 -0.000317209 0.999999940 0.000278420 -0.000233837 -0.000197067 -0.000278483 0.999999940 -0.000077796
0.999999881 0.000309077 0.000364932 -0.000149031 -0.000309215 0.999999881 0.000380250 -0.000183916 -0.000364814 -0.000380363 0.999999881 -0.000097433
0.999999881 0.000257147 0.000392566 -0.000153792 -0.000257369 0.999999821 0.000566304 -0.000376417 -0.000392421 -0.000566405 0.999999762 -0.000266701
0.999999881 -0.000319515 0.000336987 -0.000084633 0.000319338 0.999999821 0.000525615 -0.000043501 -0.000337155 -0.000525508 0.999999821 -0.000069683
0.999999940 -0.000203016 0.000321168 -0.000126680 0.000202822 0.999999821 0.000601829 -0.000072595 -0.000321290 -0.000601764 0.999999762 -0.000100128
0.999999940 0.000053554 0.000293326 -0.000229130 -0.000053744 0.999999762 0.000647778 -0.000423028 -0.000293291 -0.000647794 0.999999762 -0.000216493
1.000000000 -0.000094101 0.000213344 0.000063356 0.000094046 0.999999940 0.000255446 -0.000108696 -0.000213368 -0.000255426 0.999999940 -0.000312121
1.000000000 0.000111729 0.000087874 0.000028617 -0.000111749 0.999999940 0.000228510 -0.000030467 -0.000087849 -0.000228520 0.999999940 0.000052875
1.000000000 0.000196978 0.000100987 -0.000101811 -0.000197011 0.999999940 0.000331412 -0.000132112 -0.000100922 -0.000331432 0.999999940 0.000003629
1.000000000 0.000075923 0.000181992 -0.000036919 -0.000075975 0.999999940 0.000289862 -0.000021280 -0.000181970 -0.000289876 0.999999940 -0.000053576
1.000000000 0.000187443 0.000122912 -0.000039692 -0.000187464 0.999999940 0.000171854 -0.000075964 -0.000122880 -0.000171877 1.000000000 -0.000050269
0.999999940 0.000256072 0.000148942 -0.000058686 -0.000256074 0.999999940 0.000011733 -0.000072390 -0.000148939 -0.000011771 1.000000000 -0.000071641
0.999999821 0.000618339 0.000168742 -0.000265901 -0.000618423 0.999999702 0.000494722 -0.000609375 -0.000168436 -0.000494826 0.999999881 0.000230271
0.999999940 -0.000015908 0.000304182 -0.000156937 0.000015810 0.999999940 0.000322829 -0.000046881 -0.000304187 -0.000322824 0.999999881 -0.000139599
0.999999940 0.000108495 0.000291242 -0.000149844 -0.000108674 0.999999821 0.000614577 -0.000372738 -0.000291176 -0.000614609 0.999999762 -0.000265426
0.999999940 0.000301736 0.000080722 -0.000033805 -0.000301755 0.999999940 0.000238246 -0.000078984 -0.000080650 -0.000238271 0.999999940 -0.000046652
1.000000000 0.000184937 0.000091121 -0.000056835 -0.000184954 0.999999940 0.000191681 -0.000176783 -0.000091085 -0.000191697 1.000000000 -0.000045368
1.000000000 0.000055146 0.000012492 0.000029925 -0.000055148 1.000000000 0.000115375 -0.000069630 -0.000012486 -0.000115376 1.000000000 0.000062915
1.000000000 -0.000022068 0.000163169 -0.000037518 0.000022066 1.000000000 0.000015576 0.000003430 -0.000163169 -0.000015573 1.000000000 -0.000054665
1.000000000 0.000153545 0.000095705 -0.000040265 -0.000153540 1.000000000 -0.000056728 0.000011098 -0.000095714 0.000056713 1.000000000 -0.000084746
1.000000000 0.000134783 0.000157987 -0.000037997 -0.000134813 1.000000000 0.000194800 -0.000161834 -0.000157961 -0.000194821 0.999999940 -0.000078429
0.999999940 0.000188659 0.000275386 -0.000078998 -0.000188803 0.999999821 0.000520306 -0.000422599 -0.000275287 -0.000520358 0.999999821 -0.000096542
0.999999881 0.000274284 0.000420925 -0.000282563 -0.000274441 0.999999881 0.000372048 -0.000201145 -0.000420823 -0.000372164 0.999999821 0.000011611
0.999999940 0.000220519 0.000344130 -0.000131967 -0.000220668 0.999999881 0.000432640 -0.000352538 -0.000344034 -0.000432716 0.999999821 -0.000317542
0.999999881 0.000397115 0.000353680 -0.000163829 -0.000397218 0.999999881 0.000292656 -0.000429316 -0.000353564 -0.000292797 0.999999881 -0.000331865
0.999999881 0.000362056 0.000319860 -0.000197664 -0.000362141 0.999999881 0.000267615 -0.000220445 -0.000319763 -0.000267731 0.999999940 -0.000063304
0.999999940 0.000208251 0.000262034 -0.000134747 -0.000208322 0.999999940 0.000269444 -0.000101414 -0.000261978 -0.000269499 0.999999940 -0.000141424
0.999999940 0.000099657 0.000295815 -0.000198721 -0.000099758 0.999999940 0.000340938 -0.000177186 -0.000295781 -0.000340968 0.999999881 -0.000225704
0.999999940 0.000162748 0.000239576 -0.000109382 -0.000162845 0.999999881 0.000404669 -0.000184382 -0.000239511 -0.000404708 0.999999881 -0.000169365
1.000000000 0.000049383 0.000198668 -0.000059737 -0.000049460 0.999999940 0.000387175 -0.000263142 -0.000198649 -0.000387185 0.999999881 -0.000092332
0.999999821 0.000520018 0.000249083 -0.000243433 -0.000520110 0.999999821 0.000369430 -0.000344453 -0.000248891 -0.000369560 0.999999881 -0.000243207
0.999999940 0.000148110 0.000239199 -0.000063806 -0.000148209 0.999999881 0.000414200 -0.000347298 -0.000239138 -0.000414235 0.999999881 -0.000258676
0.999999940 0.000050049 0.000307789 -0.000109030 -0.000050168 0.999999940 0.000387213 -0.000045673 -0.000307770 -0.000387229 0.999999881 -0.000095197
0.999999642 -0.000842357 0.000167531 0.000476383 0.000842393 0.999999642 -0.000212251 0.001147629 -0.000167352 0.000212392 0.999999940 0.000037009
0.999999940 0.000240528 0.000325775 -0.000171592 -0.000240670 0.999999881 0.000437050 -0.000057967 -0.000325670 -0.000437128 0.999999881 -0.000150859
1.000000000 -0.000135312 0.000194913 -0.000086713 0.000135247 0.999999940 0.000336824 -0.000001384 -0.000194958 -0.000336798 0.999999940 -0.000141531
1.000000000 -0.000105944 0.000143786 -0.000095801 0.000105872 0.999999881 0.000498692 -0.000102769 -0.000143839 -0.000498676 0.999999881 -0.000110800
1.000000000 -0.000113580 -0.000022139 -0.000097730 0.000113589 0.999999940 0.000397764 0.000032702 0.000022094 -0.000397767 0.999999940 0.000171003
1.000000000 -0.000020270 -0.000097044 -0.000040561 0.000020331 0.999999821 0.000621721 -0.000056939 0.000097032 -0.000621723 0.999999821 0.000301470
0.999999762 -0.000689953 -0.000036565 -0.000129780 0.000690008 0.999998569 0.001525770 -0.000313828 0.000035513 -0.001525795 0.999998808 0.000172066
0.999998212 -0.001861237 -0.000254135 0.000368280 0.001862370 0.999987960 0.004534885 -0.001339072 0.000245691 -0.004535350 0.999989688 -0.000100625
0.999990702 -0.004226470 -0.000875342 0.000512176 0.004233819 0.999954283 0.008571463 -0.002249482 0.000839075 -0.008575089 0.999962866 -0.001388865
0.999978423 -0.006303955 -0.001840681 0.000952830 0.006325900 0.999905944 0.012170167 -0.003320261 0.001763788 -0.012181548 0.999924242 0.001101868
0.999986529 -0.005154578 -0.000624658 0.000188094 0.005162938 0.999885619 0.014214378 -0.004011941 0.000551318 -0.014217411 0.999898791 0.001629688
0.999990046 -0.000302814 0.004449865 -0.000849130 0.000222353 0.999836683 0.018071083 -0.005676535 -0.004454611 -0.018069914 0.999826789 0.000375203
0.999978781 0.004458107 0.004744899 -0.001122504 -0.004551437 0.999792755 0.019844128 -0.005777591 -0.004655448 -0.019865302 0.999791801 -0.001037575
0.999947011 0.009613013 0.003685457 0.001925714 -0.009696360 0.999681354 0.023306923 -0.005810267 -0.003460233 -0.023341423 0.999721587 -0.003510048
0.999798954 0.020029765 0.000939481 0.002214096 -0.020045727 0.999550879 0.022275843 -0.005273895 -0.000492879 -0.022290196 0.999751449 0.003846631
0.999517977 0.030961638 0.002286053 0.002647941 -0.030996395 0.999371946 0.017174533 -0.008215773 -0.001752865 -0.017237112 0.999849916 0.003512892
0.999438822 0.032889664 0.006350328 0.003110707 -0.032985479 0.999333680 0.015623690 -0.010852508 -0.005832240 -0.015824391 0.999857783 0.008662974
0.999605954 0.024885226 0.012989203 0.003824649 -0.025100777 0.999545336 0.016704150 -0.014209793 -0.012567610 -0.017023606 0.999776125 0.005781936
0.999710500 0.016104368 0.017876076 0.004280396 -0.016379019 0.999748409 0.015325527 -0.017971961 -0.017624769 -0.015613883 0.999722719 0.005161463
0.999812186 0.007139095 0.018016530 0.004819317 -0.007305925 0.999930859 0.009211038 -0.016778847 -0.017949527 -0.009340935 0.999795258 0.009409726
0.999849617 0.001321885 0.017292498 0.003842749 -0.001441750 0.999975026 0.006920992 -0.016930774 -0.017282916 -0.006944883 0.999826491 0.010755836
0.999854088 0.001442495 0.017022109 0.003139618 -0.001600380 0.999955773 0.009265337 -0.018402027 -0.017007990 -0.009291227 0.999812186 0.010988667
0.999813259 0.006317070 0.018263241 0.002988363 -0.006470277 0.999944270 0.008341921 -0.021527464 -0.018209526 -0.008458531 0.999798417 0.009900886
0.999694109 0.011895814 0.021683026 0.003179408 -0.012116902 0.999875665 0.010093644 -0.026199074 -0.021560259 -0.010353288 0.999713957 0.007830877
0.999537110 0.013348827 0.027337313 0.006333495 -0.013689086 0.999830663 0.012297574 -0.030591160 -0.027168525 -0.012666105 0.999550641 0.004830712
0.999210835 0.014999560 0.036779329 0.007048697 -0.015475965 0.999799550 0.012702771 -0.029571589 -0.036581419 -0.013261942 0.999242663 0.013739443
0.998958230 0.013348955 0.043637853 0.007682745 -0.013957163 0.999809265 0.013662796 -0.030330839 -0.043447144 -0.014257622 0.998953998 0.011739236
0.998920500 0.008119419 0.045737255 0.009358018 -0.008852973 0.999835074 0.015858756 -0.033262324 -0.045600947 -0.016246548 0.998827636 0.009378285
0.999002934 0.007556468 0.044000611 0.007707973 -0.008335311 0.999811351 0.017544249 -0.032355469 -0.043859739 -0.017893516 0.998877466 0.010904061
0.999184191 0.009606991 0.039225645 0.009950905 -0.010488729 0.999695539 0.022335041 -0.032784380 -0.038999129 -0.022728248 0.998980701 0.007050234
0.999302030 0.014681244 0.034349184 0.010154407 -0.015621231 0.999506354 0.027259191 -0.031122342 -0.033932030 -0.027776742 0.999038100 0.013294189
0.999315262 0.021210171 0.030316351 0.009782133 -0.022179678 0.999241471 0.032009423 -0.030556757 -0.029614430 -0.032659914 0.999027669 0.012623531
0.999358654 0.025615200 0.025023676 0.008693455 -0.026508749 0.998998165 0.036054175 -0.031571921 -0.024075072 -0.036694396 0.999036491 0.012360441
0.999477804 0.025768638 0.019495226 0.010448068 -0.026526870 0.998859882 0.039689738 -0.030045064 -0.018450249 -0.040186163 0.999021828 0.011451430
0.999548674 0.024425572 0.017488783 0.010951242 -0.025130153 0.998831928 0.041270457 -0.030421045 -0.016460301 -0.041691329 0.998994946 0.012032454
0.999512017 0.026193462 0.017020231 0.010783873 -0.026897375 0.998732805 0.042536311 -0.030412415 -0.015884491 -0.042973351 0.998949945 0.013197612
0.999457717 0.028077299 0.017201329 0.011445913 -0.028844303 0.998520494 0.046095446 -0.032561120 -0.015881645 -0.046566609 0.998788953 0.013395734
0.999374807 0.030877845 0.017221265 0.010965178 -0.031684667 0.998309195 0.048731714 -0.032599308 -0.015687417 -0.049246896 0.998663425 0.014217759
0.999275744 0.032899421 0.019119700 0.011031433 -0.033838615 0.998121500 0.051072400 -0.034054831 -0.017403532 -0.051682398 0.998511910 0.015183418
0.999229074 0.033855584 0.019876881 0.012776153 -0.034844302 0.998054385 0.051704686 -0.033613630 -0.018087715 -0.052357420 0.998464584 0.014742007
0.999245763 0.033536635 0.019575946 0.014114075 -0.034508813 0.998069346 0.051639847 -0.035182912 -0.017806327 -0.052276440 0.998473883 0.016111936
0.999198794 0.036067501 0.017345898 0.013754816 -0.036935840 0.997929215 0.052660018 -0.037552994 -0.015410664 -0.053258512 0.998461843 0.016718617
0.999151051 0.037426788 0.017215835 0.015651954 -0.038304936 0.997812748 0.053874470 -0.039445981 -0.015161831 -0.054488186 0.998399317 0.020980895
0.999154925 0.037617493 0.016562831 0.015452911 -0.038465019 0.997787118 0.054233618 -0.041605636 -0.014486047 -0.054824878 0.998390913 0.020404527
0.999242485 0.035800457 0.015255598 0.017556662 -0.036587510 0.997822106 0.054885205 -0.046945572 -0.013257459 -0.055401795 0.998376131 0.017243814
0.999313593 0.034004193 0.014699089 0.017089773 -0.034745846 0.997960389 0.053551618 -0.049245473 -0.012848129 -0.054025590 0.998456895 0.019347910
0.999367535 0.032464899 0.014512418 0.019536899 -0.033160873 0.998167813 0.050610397 -0.051772840 -0.012842766 -0.051059630 0.998613000 0.021032844
0.999381125 0.031127771 0.016383898 0.022136325 -0.031834096 0.998489618 0.044777930 -0.052771185 -0.014965315 -0.045271784 0.998862624 0.023080641
0.999206007 0.035401449 0.018279737 0.020364158 -0.036151819 0.998442352 0.042495504 -0.054815978 -0.016746862 -0.043122604 0.998929441 0.028978236
0.999134898 0.038108096 0.016649501 0.022366850 -0.038770933 0.998386383 0.041490059 -0.057612933 -0.015041528 -0.042099684 0.999000192 0.030176366
0.998947382 0.041928563 0.018605424 0.023162542 -0.042680666 0.998203099 0.042058520 -0.060762864 -0.016808538 -0.042808343 0.998941898 0.032962579
0.998882413 0.041695543 0.022256894 0.024205355 -0.042586096 0.998244464 0.041162826 -0.066448629 -0.020501515 -0.042064656 0.998904526 0.030449340
0.998948634 0.039316036 0.023575986 0.026270280 -0.040184978 0.998484850 0.037591673 -0.069801003 -0.022062311 -0.038499549 0.999015033 0.034524996
0.998877645 0.040160526 0.025111265 0.028075727 -0.041040644 0.998523951 0.035575092 -0.074080601 -0.023645485 -0.036565743 0.999051452 0.034120575
0.998777390 0.042056851 0.025980175 0.031386022 -0.042900246 0.998540580 0.032806594 -0.076617859 -0.024562515 -0.033881038 0.999123991 0.039527871
0.998553872 0.045576558 0.028512832 0.033484995 -0.046470929 0.998421788 0.031532947 -0.080444179 -0.027030669 -0.032812364 0.999095917 0.042521704
0.998399138 0.048890345 0.028440442 0.035313576 -0.049741223 0.998310804 0.030021887 -0.083637141 -0.026924619 -0.031388491 0.999144554 0.045553349
0.998272002 0.052312821 0.026764505 0.038675942 -0.053128276 0.998115003 0.030721994 -0.088969670 -0.025106899 -0.032090861 0.999169588 0.043098681
0.998232484 0.053135976 0.026616639 0.041067526 -0.053931177 0.998090684 0.030106314 -0.094652154 -0.024966091 -0.031488568 0.999192238 0.045559589
0.998176217 0.053237759 0.028459242 0.043180175 -0.054046541 0.998133123 0.028447811 -0.097963437 -0.026891613 -0.029934052 0.999190092 0.049967244
0.998141050 0.053084157 0.029942343 0.047767505 -0.053908631 0.998168945 0.027434750 -0.103914373 -0.028431166 -0.028997900 0.999175072 0.044825748
0.998118639 0.052049696 0.032404780 0.049967170 -0.052888922 0.998272121 0.025602890 -0.106779367 -0.031016167 -0.027268576 0.999146819 0.051728263
0.998128057 0.051003847 0.033748996 0.049881488 -0.051836107 0.998360813 0.024262318 -0.111194894 -0.032456204 -0.025966318 0.999135792 0.054244839
0.998252332 0.047601465 0.035019252 0.053816032 -0.048458658 0.998535633 0.024050020 -0.117769256 -0.033823151 -0.025704974 0.999097228 0.055236269
0.998324811 0.044775836 0.036643125 0.055577107 -0.045689438 0.998655558 0.024486572 -0.120651416 -0.035497453 -0.026119756 0.999028385 0.058694448
0.998484373 0.040696949 0.037049510 0.060447205 -0.041727602 0.998750925 0.027483527 -0.143137157 -0.035884738 -0.028987858 0.998935401 0.052540138
0.998567045 0.039116073 0.036520902 0.061474167 -0.039971873 0.998936057 0.023004575 -0.144923106 -0.035582192 -0.024431420 0.999068081 0.051476728
0.998581529 0.038916484 0.036336277 0.061200589 -0.039727662 0.998971045 0.021875290 -0.150718331 -0.035447575 -0.023287818 0.999100149 0.056075729
0.998836815 0.033565100 0.034616567 0.065334067 -0.034255441 0.999221981 0.019545790 -0.162856773 -0.033933576 -0.020708863 0.999209523 0.051895779
0.998853385 0.033371381 0.034325514 0.066708654 -0.033922948 0.999302506 0.015613729 -0.166299134 -0.033780523 -0.016760251 0.999288738 0.055429712
0.998861015 0.030365070 0.036803413 0.068029821 -0.030993663 0.999381185 0.016631206 -0.175567925 -0.036275636 -0.017752938 0.999184072 0.057890870
0.998823702 0.026137654 0.040840406 0.069395818 -0.026869200 0.999486327 0.017467253 -0.182697862 -0.040362880 -0.018544056 0.999012947 0.057618909
0.998842895 0.023599450 0.041903637 0.071151607 -0.024461878 0.999496818 0.020189032 -0.187862694 -0.041406110 -0.021190712 0.998917639 0.058554728
0.998943567 0.023406964 0.039545894 0.071516111 -0.024342943 0.999430776 0.023354882 -0.195286259 -0.038976721 -0.024292871 0.998944759 0.061145667
0.999037027 0.026963038 0.034610700 0.073427632 -0.027926859 0.999226868 0.027672892 -0.205711573 -0.033837795 -0.028612817 0.999017656 0.054074403
0.999111652 0.028770793 0.030790970 0.075099267 -0.029795738 0.998999119 0.033362847 -0.211346149 -0.029800270 -0.034250651 0.998968840 0.054937173
0.999151170 0.028633542 0.029616248 0.074091360 -0.029659834 0.998953581 0.034814529 -0.212865561 -0.028588397 -0.035663389 0.998954833 0.061938755
0.999348581 0.024395194 0.026595626 0.075554110 -0.025241897 0.999169648 0.031979356 -0.218522593 -0.025793407 -0.032629848 0.999134600 0.056790605
0.999472976 0.018353304 0.026776256 0.078036807 -0.019091852 0.999436855 0.027592480 -0.227782205 -0.026254768 -0.028089147 0.999260485 0.059125744
0.999491513 0.015893543 0.027644128 0.079914302 -0.016523831 0.999605238 0.022723252 -0.237436503 -0.027272066 -0.023168484 0.999359488 0.054491173
0.999479353 0.016990505 0.027429938 0.081603855 -0.017499950 0.999676764 0.018440658 -0.238380715 -0.027107758 -0.018911077 0.999453604 0.058881842
0.999437630 0.021769924 0.025504200 0.082834192 -0.022323804 0.999516547 0.021637497 -0.250490606 -0.025020827 -0.022194682 0.999440491 0.056453682
0.999437332 0.024651891 0.022743914 0.085801817 -0.025220644 0.999367535 0.025068481 -0.255134404 -0.022111544 -0.025627989 0.999426961 0.056269594
0.999403000 0.027620543 0.020750582 0.087823138 -0.028232975 0.999156356 0.029824959 -0.262319356 -0.019909294 -0.030393006 0.999339700 0.057928324
0.999421895 0.028118666 0.019109633 0.086944170 -0.028679723 0.999145865 0.029749095 -0.266022474 -0.018256806 -0.030279957 0.999374688 0.059536606
0.999417901 0.027849764 0.019704942 0.087738186 -0.028448110 0.999121666 0.030766208 -0.272400409 -0.018830802 -0.031308867 0.999332368 0.060260326
0.999529421 0.023515984 0.019696644 0.092143506 -0.024148883 0.999178767 0.032535817 -0.282452762 -0.018915355 -0.032996159 0.999276459 0.058206342
0.999628961 0.019613555 0.018907517 0.098638132 -0.020302895 0.999109626 0.036983408 -0.311962962 -0.018165305 -0.037353557 0.999136984 0.059485022
0.999553382 0.021820445 0.020420849 0.096894369 -0.022488823 0.999199271 0.033093967 -0.311054289 -0.019682374 -0.033538423 0.999243617 0.057421379
0.999511302 0.022710696 0.021481901 0.095646828 -0.023311099 0.999332607 0.028124362 -0.305840433 -0.020828843 -0.028611379 0.999373615 0.057112627
0.999481916 0.024929754 0.020357134 0.101101920 -0.025480276 0.999303937 0.027247189 -0.308221132 -0.019663701 -0.027751779 0.999421418 0.054992236
0.999477386 0.026307255 0.018785315 0.109036334 -0.026786752 0.999309599 0.025746850 -0.313964754 -0.018095016 -0.026236594 0.999491990 0.045247186
0.999494076 0.025248541 0.019341912 0.108992457 -0.025894172 0.999090075 0.033890385 -0.361025959 -0.018468631 -0.034374081 0.999238431 0.054929741
0.999488533 0.026249968 0.018268969 0.111000694 -0.026939210 0.998892903 0.038563833 -0.371666580 -0.017236447 -0.039036255 0.999089122 0.059374683
0.999483466 0.028546350 0.014759724 0.111673594 -0.029105719 0.998808026 0.039185196 -0.379237086 -0.013623537 -0.039594546 0.999122918 0.058447450
0.999518156 0.029102193 0.010793436 0.114059754 -0.029546723 0.998611629 0.043609541 -0.396780580 -0.009509318 -0.043907441 0.998990357 0.059707243
0.999468327 0.030836215 0.010596130 0.112333819 -0.031261988 0.998599231 0.042689521 -0.398723543 -0.009264902 -0.042998079 0.999032199 0.062813334
0.999394834 0.032556947 0.012246580 0.109120868 -0.033006705 0.998712599 0.038516551 -0.398957610 -0.010976832 -0.038897466 0.999182880 0.062968299
0.999618590 0.025595956 0.010369085 0.115457907 -0.025991444 0.998861790 0.039994586 -0.423556775 -0.009333583 -0.040248845 0.999146044 0.060854986
0.999623537 0.026313681 0.007762501 0.113640748 -0.026586356 0.998946309 0.037409801 -0.425894588 -0.006769931 -0.037602097 0.999269903 0.063883781
0.999601483 0.027813541 0.004834446 0.113487624 -0.027968032 0.998977005 0.035535995 -0.427967548 -0.003841118 -0.035657041 0.999356687 0.068296261
0.999486804 0.031843480 0.003472912 0.113539830 -0.031951074 0.998791814 0.037337858 -0.435511142 -0.002279748 -0.037429661 0.999296665 0.067913339
0.999405146 0.034284119 0.003726989 0.116119795 -0.034405004 0.998622477 0.039617136 -0.441717505 -0.002363618 -0.039721794 0.999207973 0.068663999
0.999501169 0.031405583 0.003329884 0.119706400 -0.031515453 0.998669088 0.040827882 -0.456087023 -0.002043229 -0.040912457 0.999160647 0.070434131
0.999499977 0.030365311 0.008814101 0.117929757 -0.030675307 0.998826742 0.037472129 -0.463720113 -0.007665907 -0.037723765 0.999258757 0.070252776
0.999452353 0.028804705 0.016285772 0.119663127 -0.029347323 0.998986661 0.034124091 -0.469752550 -0.015286336 -0.034583341 0.999284923 0.069958970
0.999391258 0.027370101 0.021632107 0.123621613 -0.028114328 0.998995900 0.034883220 -0.485254407 -0.020655628 -0.035470158 0.999157310 0.074333660
0.999188781 0.030169470 0.026673380 0.125008881 -0.031138735 0.998841047 0.036702424 -0.489971310 -0.025535174 -0.037503228 0.998970211 0.072404891
0.998815119 0.034870133 0.033947978 0.132489979 -0.036386576 0.998318374 0.045126669 -0.517304897 -0.032317325 -0.046308454 0.998404264 0.074184701
0.998173058 0.040941469 0.044434477 0.125716060 -0.043016948 0.997977495 0.046803638 -0.527615368 -0.042428397 -0.048629560 0.997915328 0.055096079
0.997668624 0.037927162 0.056735247 0.140272751 -0.040713813 0.997978568 0.048794933 -0.533001959 -0.054769911 -0.050991077 0.997196138 0.079347312
0.997144341 0.036565900 0.066076450 0.143081605 -0.039654776 0.998151422 0.046056185 -0.548667371 -0.064270213 -0.048544906 0.996751070 0.077287212
0.996825099 0.033826180 0.072080374 0.144084886 -0.036979847 0.998395741 0.042876065 -0.558013558 -0.070514403 -0.045405455 0.996476769 0.078297831
0.996334612 0.033473160 0.078721367 0.143609315 -0.036825340 0.998458683 0.041523568 -0.564424634 -0.077210106 -0.044270311 0.996031523 0.085246734
0.995972872 0.033814568 0.083034404 0.147823155 -0.037454970 0.998386383 0.042682607 -0.575698376 -0.081457123 -0.045620762 0.995632172 0.086278260
0.995785654 0.032447036 0.085779965 0.151357695 -0.036053311 0.998515308 0.040831156 -0.582630932 -0.084327765 -0.043751720 0.995477080 0.087476999
0.995692134 0.030403316 0.087594718 0.149158090 -0.034057446 0.998597741 0.040528018 -0.592283428 -0.086239696 -0.043336682 0.995331466 0.089449309
0.995541751 0.032137975 0.088677771 0.150104880 -0.035642792 0.998633146 0.038226448 -0.601196468 -0.087328047 -0.041216746 0.995326519 0.091995947
0.995212615 0.034579467 0.091411956 0.151607007 -0.038088284 0.998592079 0.036922589 -0.610591352 -0.090006478 -0.040227547 0.995128393 0.090484552
0.995010555 0.032539975 0.094315112 0.156249449 -0.036347058 0.998580515 0.038932383 -0.626630664 -0.092914373 -0.042166200 0.994780838 0.091801517
0.994318724 0.033034738 0.101187825 0.158299044 -0.037033264 0.998595238 0.037895150 -0.637015879 -0.099793836 -0.041427169 0.994145274 0.089808367
0.993432105 0.030645406 0.110242978 0.159258559 -0.034653250 0.998799384 0.034623861 -0.645916700 -0.109049559 -0.038216729 0.993301332 0.098474942
0.992678344 0.026224839 0.117906928 0.162572145 -0.029980870 0.999094248 0.030195616 -0.656290054 -0.117008261 -0.033509485 0.992565453 0.095639057
0.991950393 0.020159610 0.125011832 0.170079142 -0.024834763 0.999044895 0.035952576 -0.683685601 -0.124167636 -0.038767818 0.991503656 0.097873658
0.991338193 0.013506636 0.130637109 0.173731357 -0.018671826 0.999088168 0.038394697 -0.692182183 -0.129999399 -0.040501367 0.990686536 0.099152975
0.990794361 0.012293524 0.134816200 0.178520516 -0.017642301 0.999100924 0.038551904 -0.702404320 -0.134221047 -0.040575482 0.990120411 0.098245360
0.989906192 0.013508868 0.141078949 0.180549413 -0.019762019 0.998878896 0.043017197 -0.712511599 -0.140339687 -0.045370996 0.989063382 0.097467341
0.989788711 0.015456822 0.141701415 0.182094991 -0.022681708 0.998515844 0.049514093 -0.719670355 -0.140725806 -0.052222520 0.988670349 0.097341865
0.990159690 0.014921723 0.139144406 0.185737953 -0.023482902 0.997916758 0.060089976 -0.728729665 -0.137957886 -0.062766187 0.988447309 0.096865825
0.989755571 0.012746356 0.142202288 0.187579513 -0.022169987 0.997646570 0.064882979 -0.735750556 -0.141040623 -0.067370914 0.987708807 0.095110640
0.988980830 0.008095527 0.147822291 0.190434918 -0.017783036 0.997770131 0.064331338 -0.742219329 -0.146971881 -0.066251196 0.986919463 0.094984911
0.988391817 -0.000097919 0.151926517 0.192581728 -0.010081855 0.997753382 0.066232830 -0.748890221 -0.151591659 -0.066995688 0.986170173 0.089351609
0.988093197 -0.007064612 0.153694019 0.197293103 -0.003734737 0.997549653 0.069863290 -0.750819862 -0.153810978 -0.069605455 0.985645652 0.091605857
0.987617314 -0.008317564 0.156661525 0.198569775 -0.003004610 0.997407615 0.071896449 -0.755699337 -0.156853393 -0.071476884 0.985031962 0.091544539
0.986737132 -0.008546613 0.162100449 0.201582655 -0.003422615 0.997295558 0.073415704 -0.761104643 -0.162289530 -0.072996825 0.984039426 0.093089432
0.985325336 -0.008324827 0.170483366 0.205133498 -0.004014405 0.997403383 0.071905576 -0.764772952 -0.170639291 -0.071534783 0.982733428 0.091027960
0.984267414 -0.009409037 0.176433995 0.208497763 -0.002639566 0.997686565 0.067930840 -0.773140848 -0.176664978 -0.067327827 0.981965601 0.089228824
0.983240724 -0.011104263 0.181973353 0.210788205 -0.000643510 0.997925818 0.064371817 -0.772004843 -0.182310715 -0.063410103 0.981194198 0.091015317
0.982143223 -0.012552440 0.187714994 0.214737982 0.000947294 0.998089015 0.061785538 -0.777566791 -0.188131839 -0.060504436 0.980278313 0.091260746
0.981251478 -0.012739688 0.192310423 0.217197910 0.001237365 0.998208880 0.059813228 -0.780734539 -0.192727968 -0.058453862 0.979509652 0.091045022
0.980435550 -0.015070044 0.196262181 0.220523477 0.003346780 0.998197138 0.059927851 -0.787698328 -0.196811467 -0.058098558 0.978718460 0.092705496
0.980166078 -0.015275233 0.197588354 0.229525238 0.003308628 0.998147309 0.060752209 -0.801475525 -0.198150307 -0.058893513 0.978400767 0.095132798
0.979997456 -0.013509488 0.198551089 0.231021717 0.001988460 0.998308122 0.058110710 -0.801091433 -0.199000224 -0.056553535 0.978366315 0.097884856
0.979413152 -0.006305186 0.201767743 0.231837794 -0.004561240 0.998565674 0.053345885 -0.802438378 -0.201814696 -0.053167973 0.977979600 0.099789642
0.978968680 -0.002306851 0.203997448 0.238970354 -0.008101889 0.998707652 0.050173979 -0.811536193 -0.203849554 -0.050771523 0.977684796 0.099246129
0.978437781 0.002159827 0.206530213 0.236721829 -0.011758527 0.998906076 0.045259830 -0.802956879 -0.206206530 -0.046712425 0.977392912 0.102725275
0.977938116 0.000579950 0.208893999 0.242079273 -0.010186838 0.998938739 0.044916388 -0.805041552 -0.208646283 -0.046053417 0.976906300 0.106462002
0.976774395 -0.002965095 0.214249969 0.245760590 -0.006035209 0.999126852 0.041342106 -0.807272911 -0.214185491 -0.041674957 0.975903630 0.111234881
0.975360453 -0.006879011 0.220509887 0.258839667 -0.001873851 0.999219358 0.039460007 -0.826065004 -0.220609203 -0.038900930 0.974586189 0.115091167
0.973533154 -0.012040702 0.228228316 0.265738815 0.003715932 0.999313176 0.036870312 -0.828456461 -0.228515491 -0.035046387 0.972909272 0.120408274
0.972035527 -0.016673228 0.234240845 0.266813278 0.008816000 0.999364197 0.034550577 -0.830421031 -0.234667942 -0.031519324 0.971564412 0.122970164
0.971596479 -0.016641989 0.236057758 0.273874223 0.008958105 0.999395728 0.033586133 -0.834118426 -0.236474037 -0.030517539 0.971158385 0.128975004
0.970783114 -0.012318471 0.239642262 0.267834306 0.005660835 0.999579251 0.028450085 -0.820646584 -0.239891872 -0.026262289 0.970444322 0.133039713
0.970311224 -0.007011313 0.241757765 0.275550663 0.000514228 0.999637306 0.026926981 -0.825218558 -0.241858885 -0.026003242 0.969962955 0.138848692
0.970041037 -0.004567690 0.242897928 0.280247003 -0.002438024 0.999589920 0.028533790 -0.825965345 -0.242928654 -0.028271148 0.969632089 0.143387958
0.970519543 -0.003234346 0.241000667 0.287394196 -0.003621204 0.999601424 0.027997864 -0.824697256 -0.240995184 -0.028045192 0.970121026 0.153145149
0.971154928 -0.000116120 0.238448873 0.292916179 -0.005350467 0.999737501 0.022278251 -0.827084124 -0.238388851 -0.022911454 0.970899522 0.157340348
0.971961498 0.002656349 0.235125110 0.302894890 -0.006744628 0.999839723 0.016585175 -0.829655826 -0.235043377 -0.017705983 0.971823633 0.161387816
0.972855687 0.002746913 0.231396377 0.323837727 -0.006971670 0.999823570 0.017441936 -0.843318462 -0.231307641 -0.018581705 0.972703159 0.171972603
0.971993327 0.002568941 0.234994218 0.326582372 -0.005699374 0.999903738 0.012643121 -0.837083876 -0.234939128 -0.013628350 0.971914530 0.181920260
0.971020877 0.005384091 0.238933802 0.325488955 -0.007705428 0.999931693 0.008782378 -0.836115777 -0.238870189 -0.010368957 0.970996141 0.191753849
0.971062243 0.008126878 0.238688275 0.340187222 -0.010091063 0.999924481 0.007008237 -0.841377079 -0.238613293 -0.009214054 0.971070886 0.192527696
0.969957769 0.011897783 0.242982149 0.349133253 -0.014019559 0.999877214 0.007004872 -0.838545501 -0.242868960 -0.010200933 0.970005453 0.202643141
0.968659639 0.010963274 0.248150021 0.356457472 -0.013598061 0.999867857 0.008906165 -0.841351211 -0.248019606 -0.012001403 0.968680620 0.212412402
0.967645288 0.009559583 0.252133578 0.365347654 -0.011763657 0.999904633 0.007235750 -0.839091241 -0.252040356 -0.009967650 0.967665374 0.216488287
0.965294957 0.008842853 0.261012286 0.381527871 -0.010038620 0.999944329 0.003248391 -0.840871453 -0.260969043 -0.005755859 0.965329945 0.223817676
0.962207675 0.006893512 0.272229522 0.389235407 -0.006735418 0.999976158 -0.001515181 -0.840685248 -0.272233516 -0.000375661 0.962231100 0.234626889
0.959398746 0.004340204 0.282019973 0.397768617 -0.003345244 0.999986410 -0.004009374 -0.838308811 -0.282033563 0.002903163 0.959400117 0.243996039
0.957783461 0.003824975 0.287465155 0.403154910 -0.002773552 0.999987841 -0.004064731 -0.838913798 -0.287477255 0.003095833 0.957782447 0.245319277
0.956905067 0.003173887 0.290383428 0.411854535 -0.002395459 0.999992549 -0.003036111 -0.835865438 -0.290390879 0.002209667 0.956905484 0.255541116
0.955928683 0.001240589 0.293596238 0.429576397 -0.000736240 0.999998033 -0.001828338 -0.839257240 -0.293597847 0.001531604 0.955927789 0.263837099
0.953381598 0.001672913 0.301762581 0.438667446 -0.000563159 0.999992788 -0.003764535 -0.839334309 -0.301766634 0.003419099 0.953375697 0.277667165
0.950554192 0.000570463 0.310558289 0.439312011 0.000844990 0.999989867 -0.004423213 -0.836386919 -0.310557604 0.004466922 0.950544059 0.278322726
0.948904514 0.000358497 0.315563232 0.456202835 0.001107234 0.999989390 -0.004465515 -0.836601734 -0.315561444 0.004586748 0.948894083 0.286097527
0.948154211 0.000622275 0.317810029 0.476299524 0.000659527 0.999992073 -0.003925627 -0.830731988 -0.317809969 0.003931701 0.948146224 0.293805301
0.946584165 0.001824615 0.322451532 0.480401248 -0.001192074 0.999997020 -0.002159121 -0.831339955 -0.322454512 0.001659403 0.946583450 0.309281319
0.945627213 -0.000133307 0.325252444 0.486577153 0.000105036 0.999999881 0.000104478 -0.834658921 -0.325252473 -0.000064633 0.945627213 0.318932503
0.946019411 -0.001200682 0.324107766 0.505602896 0.001942653 0.999996185 -0.001965735 -0.832935631 -0.324104160 0.002489252 0.946018100 0.327445269
0.944999874 0.001100165 0.327068746 0.511662602 -0.000105523 0.999995351 -0.003058808 -0.831188321 -0.327070594 0.002856061 0.944995582 0.339922160
0.945180714 -0.000069696 0.326547712 0.529410303 0.001328808 0.999992490 -0.003632754 -0.832625926 -0.326545060 0.003867534 0.945173681 0.345459998
0.945764005 0.001522140 0.324850976 0.541004658 0.002016944 0.999942183 -0.010557472 -0.828500688 -0.324848235 0.010640085 0.945706308 0.353868753
0.946581960 0.001020661 0.322461694 0.553137720 0.003872288 0.999886870 -0.014531907 -0.829408169 -0.322440088 0.015004306 0.946470916 0.362980038
0.947355866 -0.000380331 0.320182234 0.566824138 0.006994110 0.999785244 -0.019506581 -0.833406568 -0.320106059 0.020719072 0.947155118 0.374750823
0.947388589 0.002593562 0.320074975 0.587899089 0.006913910 0.999568045 -0.028563945 -0.834630191 -0.320010751 0.029274125 0.946961462 0.379573524
0.947555006 0.003145695 0.319577187 0.601178706 0.009758241 0.999200523 -0.038768880 -0.824996293 -0.319443613 0.039854161 0.946766734 0.389471471
