1.000000000 0.000000000 0.000000000 0.000000000 0.000000000 1.000000000 0.000000000 0.000000000 0.000000000 0.000000000 1.000000000 0.000000000
1.000000000 0.000046404 -0.000021057 -0.000011076 -0.000046404 1.000000000 0.000041870 -0.000018112 0.000021058 -0.000041869 1.000000000 -0.000020682
1.000000000 -0.000078786 -0.000064309 0.000097546 0.000078795 1.000000000 0.000140450 -0.000134143 0.000064298 -0.000140455 1.000000000 -0.000016385
1.000000000 0.000031231 -0.000021079 -0.000004767 -0.000031228 1.000000000 0.000153535 -0.000163279 0.000021084 -0.000153534 1.000000000 -0.000018048
1.000000000 0.000105845 0.000008228 -0.000093141 -0.000105845 1.000000000 0.000012914 0.000006346 -0.000008227 -0.000012915 1.000000000 0.000152866
1.000000000 0.000061972 0.000067618 -0.000144389 -0.000061967 1.000000000 -0.000071586 -0.000003628 -0.000067622 0.000071581 1.000000000 0.000168709
1.000000000 0.000015708 0.000016886 0.000029186 -0.000015707 1.000000000 -0.000048050 0.000012152 -0.000016887 0.000048049 1.000000000 -0.000000342
1.000000000 -0.000036903 0.000026950 0.000118422 0.000036897 1.000000000 0.000203734 -0.000144550 -0.000026957 -0.000203733 1.000000000 -0.000071483
1.000000000 -0.000020565 0.000077862 0.000002589 0.000020556 1.000000000 0.000116108 -0.000057865 -0.000077865 -0.000116106 1.000000000 -0.000029310
1.000000000 0.000006087 -0.000025060 0.000088677 -0.000006083 1.000000000 0.000150741 -0.000101709 0.000025060 -0.000150741 1.000000000 0.000011215
1.000000000 -0.000016424 0.000020507 -0.000039806 0.000016425 1.000000000 -0.000028450 0.000099195 -0.000020506 0.000028450 1.000000000 0.000134611
1.000000000 -0.000021514 0.000007142 -0.000027649 0.000021514 1.000000000 0.000061647 -0.000035131 -0.000007144 -0.000061647 1.000000000 0.000015147
1.000000000 -0.000102745 0.000003477 0.000020554 0.000102744 1.000000000 0.000173826 -0.000132147 -0.000003495 -0.000173826 1.000000000 -0.000010668
1.000000000 -0.000041217 0.000096358 -0.000092834 0.000041219 1.000000000 -0.000018453 -0.000045572 -0.000096357 0.000018457 1.000000000 -0.000017289
1.000000000 0.000031012 0.000129434 -0.000130630 -0.000031012 1.000000000 0.000000248 -0.000049005 -0.000129434 -0.000000252 1.000000000 0.000009944
1.000000000 -0.000020906 0.000069041 -0.000048414 0.000020900 1.000000000 0.000088074 -0.000117422 -0.000069043 -0.000088072 1.000000000 0.000013705
1.000000000 -0.000017359 0.000007974 0.000034249 0.000017358 1.000000000 0.000100245 -0.000120907 -0.000007976 -0.000100245 1.000000000 -0.000041745
1.000000000 -0.000078602 0.000031792 -0.000008653 0.000078597 1.000000000 0.000142222 -0.000109986 -0.000031803 -0.000142220 1.000000000 -0.000012752
1.000000000 -0.000032280 0.000057973 -0.000058740 0.000032275 1.000000000 0.000099637 -0.000036773 -0.000057976 -0.000099635 1.000000000 0.000008234
1.000000000 -0.000037460 0.000002855 0.000010433 0.000037460 1.000000000 0.000227089 -0.000201720 -0.000002863 -0.000227089 1.000000000 -0.000084767
1.000000000 -0.000066280 0.000027069 0.000018864 0.000066277 1.000000000 0.000120823 -0.000102410 -0.000027077 -0.000120822 1.000000000 -0.000027649
1.000000000 -0.000035568 -0.000011737 0.000040527 0.000035571 1.000000000 0.000207415 -0.000082106 0.000011729 -0.000207415 1.000000000 0.000063212
1.000000000 -0.000096628 -0.000017704 0.000098930 0.000096630 1.000000000 0.000123066 -0.000005797 0.000017693 -0.000123067 1.000000000 -0.000055927
1.000000000 -0.000116755 -0.000028346 0.000082608 0.000116762 0.999999940 0.000231656 -0.000178884 0.000028319 -0.000231660 1.000000000 -0.000032601
1.000000000 -0.000111096 0.000045112 -0.000073318 0.000111088 1.000000000 0.000166367 -0.000123812 -0.000045130 -0.000166362 1.000000000 -0.000049093
1.000000000 -0.000028803 0.000075420 -0.000067165 0.000028788 1.000000000 0.000197499 -0.000120324 -0.000075426 -0.000197497 1.000000000 -0.000044695
1.000000000 -0.000011094 0.000059193 -0.000039014 0.000011087 1.000000000 0.000115425 -0.000076973 -0.000059194 -0.000115424 1.000000000 -0.000005344
1.000000000 0.000104147 0.000178014 -0.000265975 -0.000104168 1.000000000 0.000121041 -0.000088287 -0.000178002 -0.000121059 1.000000000 -0.000017339
1.000000000 0.000065006 0.000116035 -0.000070072 -0.000065023 1.000000000 0.000146206 -0.000132408 -0.000116026 -0.000146213 1.000000000 -0.000057094
1.000000000 0.000069333 -0.000007786 0.000138292 -0.000069333 1.000000000 0.000039247 -0.000030024 0.000007789 -0.000039247 1.000000000 -0.000040112
1.000000000 0.000012172 0.000055896 -0.000019033 -0.000012183 1.000000000 0.000185581 -0.000152092 -0.000055894 -0.000185582 1.000000000 -0.000118240
1.000000000 -0.000075118 0.000077433 -0.000003907 0.000075103 1.000000000 0.000198275 -0.000139100 -0.000077448 -0.000198269 1.000000000 0.000005691
1.000000000 0.000011722 0.000107677 -0.000130907 -0.000011746 1.000000000 0.000217224 -0.000150775 -0.000107674 -0.000217225 1.000000000 -0.000029957
1.000000000 -0.000024033 -0.000032519 0.000075932 0.000024037 1.000000000 0.000119304 -0.000074839 0.000032516 -0.000119305 1.000000000 -0.000012013
1.000000000 -0.000114376 0.000083337 -0.000088356 0.000114358 1.000000000 0.000214630 -0.000135980 -0.000083362 -0.000214621 1.000000000 -0.000023431
1.000000000 -0.000043615 0.000090012 -0.000106347 0.000043593 0.999999940 0.000250774 -0.000204628 -0.000090023 -0.000250770 0.999999940 -0.000039415
1.000000000 -0.000043681 0.000089757 -0.000010880 0.000043664 1.000000000 0.000189589 -0.000160968 -0.000089765 -0.000189585 1.000000000 -0.000106360
1.000000000 0.000117296 0.000134278 -0.000139196 -0.000117323 1.000000000 0.000199139 -0.000173971 -0.000134255 -0.000199155 1.000000000 -0.000100163
1.000000000 -0.000024907 0.000099344 -0.000065631 0.000024894 1.000000000 0.000133381 -0.000093188 -0.000099347 -0.000133378 1.000000000 -0.000031316
1.000000000 0.000033355 0.000054503 0.000007126 -0.000033356 1.000000000 0.000020601 -0.000020118 -0.000054503 -0.000020603 1.000000000 -0.000031042
1.000000000 -0.000026437 0.000064547 -0.000066233 0.000026422 1.000000000 0.000224882 -0.000207562 -0.000064553 -0.000224881 1.000000000 -0.000073979
1.000000000 -0.000030512 0.000068819 -0.000076752 0.000030504 1.000000000 0.000115237 -0.000084207 -0.000068822 -0.000115235 1.000000000 -0.000038331
1.000000000 0.000004392 0.000065317 -0.000034452 -0.000004399 1.000000000 0.000101132 -0.000106555 -0.000065317 -0.000101132 1.000000000 -0.000065167
1.000000000 -0.000004304 0.000102194 -0.000025868 0.000004278 0.999999940 0.000253883 -0.000192935 -0.000102195 -0.000253882 0.999999940 -0.000076606
1.000000000 0.000070268 0.000100676 -0.000095622 -0.000070293 0.999999940 0.000244896 -0.000190142 -0.000100659 -0.000244903 0.999999940 -0.000067931
1.000000000 0.000017369 0.000081910 -0.000026094 -0.000017385 1.000000000 0.000200509 -0.000078126 -0.000081906 -0.000200511 1.000000000 0.000016913
1.000000000 -0.000032850 0.000090511 -0.000035947 0.000032831 1.000000000 0.000200580 -0.000188670 -0.000090518 -0.000200577 1.000000000 -0.000027456
1.000000000 0.000049903 0.000135331 -0.000105666 -0.000049928 1.000000000 0.000185011 -0.000145056 -0.000135322 -0.000185018 1.000000000 -0.000077129
1.000000000 0.000063974 0.000112226 -0.000034420 -0.000064004 0.999999940 0.000268249 -0.000217456 -0.000112209 -0.000268257 0.999999940 -0.000145484
1.000000000 0.000065773 0.000170439 -0.000120657 -0.000065817 0.999999940 0.000260592 -0.000178350 -0.000170421 -0.000260603 0.999999940 -0.000161884
1.000000000 0.000054615 0.000236164 -0.000277988 -0.000054673 0.999999940 0.000245240 -0.000154903 -0.000236151 -0.000245253 0.999999940 -0.000151263
0.999999940 0.000069047 0.000246474 -0.000240752 -0.000069091 1.000000000 0.000178198 -0.000143946 -0.000246462 -0.000178215 0.999999940 -0.000088020
0.999999940 0.000109206 0.000260398 -0.000252006 -0.000109265 0.999999940 0.000228230 -0.000141786 -0.000260373 -0.000228258 0.999999940 -0.000125190
0.999999940 0.000048141 0.000300641 -0.000275463 -0.000048217 0.999999940 0.000250973 -0.000078962 -0.000300629 -0.000250988 0.999999940 -0.000062619
1.000000000 -0.000103753 0.000182799 -0.000029351 0.000103666 0.999999881 0.000473065 -0.000117493 -0.000182848 -0.000473046 0.999999881 -0.000061851
1.000000000 0.000034647 0.000072282 0.000045246 -0.000034685 0.999999881 0.000516467 -0.000168279 -0.000072264 -0.000516470 0.999999881 -0.000016507
1.000000000 -0.000053360 0.000051769 0.000010963 0.000053336 0.999999881 0.000473035 -0.000215025 -0.000051794 -0.000473032 0.999999881 -0.000038001
1.000000000 -0.000076652 0.000045796 -0.000036042 0.000076636 0.999999940 0.000354071 -0.000207864 -0.000045823 -0.000354067 0.999999940 -0.000103181
1.000000000 -0.000129268 0.000007022 -0.000009499 0.000129266 0.999999940 0.000326817 -0.000268558 -0.000007064 -0.000326816 0.999999940 0.000016901
1.000000000 0.000019538 0.000121450 -0.000114454 -0.000019573 0.999999940 0.000286004 -0.000186291 -0.000121445 -0.000286007 0.999999940 -0.000078259
1.000000000 -0.000043375 0.000016555 0.000000751 0.000043372 1.000000000 0.000229801 -0.000129270 -0.000016565 -0.000229800 1.000000000 0.000049827
1.000000000 0.000060778 0.000060600 -0.000008342 -0.000060786 1.000000000 0.000147073 -0.000181039 -0.000060591 -0.000147077 1.000000000 -0.000076129
1.000000000 0.000104668 0.000038291 0.000030313 -0.000104664 1.000000000 -0.000111456 0.000067023 -0.000038302 0.000111452 1.000000000 -0.000066381
0.999999940 0.000212254 0.000222616 -0.000181377 -0.000212256 1.000000000 0.000011596 -0.000037465 -0.000222613 -0.000011643 1.000000000 -0.000098317
1.000000000 -0.000019795 0.000084957 0.000000502 0.000019758 0.999999881 0.000437620 -0.000318309 -0.000084966 -0.000437619 0.999999881 -0.000053424
1.000000000 -0.000056594 0.000105625 -0.000028364 0.000056555 0.999999940 0.000371246 -0.000097236 -0.000105646 -0.000371240 0.999999940 -0.000130360
1.000000000 0.000045930 0.000083352 0.000002207 -0.000045941 1.000000000 0.000126183 -0.000023750 -0.000083346 -0.000126187 1.000000000 -0.000023087
1.000000000 0.000154586 0.000091114 -0.000088863 -0.000154582 1.000000000 -0.000044933 0.000068081 -0.000091121 0.000044919 1.000000000 -0.000096540
1.000000000 -0.000019660 0.000030240 -0.000016094 0.000019661 1.000000000 -0.000034018 -0.000004149 -0.000030239 0.000034019 1.000000000 -0.000018325
1.000000000 0.000046980 0.000121523 -0.000161734 -0.000046975 1.000000000 -0.000039288 0.000000760 -0.000121525 0.000039282 1.000000000 0.000064213
1.000000000 0.000030150 0.000070744 -0.000006769 -0.000030150 1.000000000 0.000002414 -0.000012314 -0.000070744 -0.000002416 1.000000000 0.000065754
1.000000000 0.000120489 0.000178930 -0.000137184 -0.000120489 1.000000000 0.000000604 -0.000010572 -0.000178930 -0.000000626 1.000000000 -0.000081064
1.000000000 0.000013385 0.000210927 -0.000170983 -0.000013427 1.000000000 0.000200101 -0.000068955 -0.000210924 -0.000200104 0.999999940 -0.000151852
0.999999940 0.000091224 0.000250839 -0.000175981 -0.000091268 1.000000000 0.000177679 0.000004841 -0.000250823 -0.000177702 0.999999940 -0.000262788
0.999999940 0.000166540 0.000284755 -0.000293045 -0.000166568 1.000000000 0.000097188 0.000023183 -0.000284739 -0.000097235 0.999999940 -0.000202532
0.999999940 0.000219241 0.000193262 -0.000099603 -0.000219260 1.000000000 0.000099632 -0.000043461 -0.000193240 -0.000099674 1.000000000 -0.000128820
1.000000000 0.000142001 0.000172836 -0.000087966 -0.000142012 1.000000000 0.000058836 -0.000033265 -0.000172828 -0.000058860 1.000000000 -0.000102872
1.000000000 0.000069164 0.000166984 -0.000126732 -0.000069195 1.000000000 0.000187591 -0.000122944 -0.000166971 -0.000187602 0.999999940 -0.000044156
1.000000000 -0.000082993 0.000156839 -0.000113282 0.000082927 0.999999881 0.000422660 -0.000333423 -0.000156874 -0.000422647 0.999999881 -0.000069754
1.000000000 -0.000023513 0.000084562 0.000044068 0.000023501 1.000000000 0.000143833 0.000024513 -0.000084565 -0.000143831 1.000000000 -0.000191194
0.999999940 0.000159513 0.000214789 -0.000199116 -0.000159547 1.000000000 0.000158329 -0.000080154 -0.000214763 -0.000158363 0.999999940 -0.000093017
1.000000000 0.000050691 0.000198914 -0.000195487 -0.000050727 1.000000000 0.000176255 -0.000135676 -0.000198905 -0.000176265 0.999999940 -0.000128680
1.000000000 -0.000024445 0.000172956 -0.000159343 0.000024389 0.999999940 0.000323818 -0.000231714 -0.000172964 -0.000323814 0.999999940 -0.000140632
1.000000000 0.000007247 0.000177013 -0.000056022 -0.000007283 1.000000000 0.000205688 0.000058676 -0.000177011 -0.000205689 0.999999940 -0.000073627
0.999999940 -0.000034277 0.000258208 -0.000116610 0.000034153 0.999999881 0.000481370 -0.000286562 -0.000258224 -0.000481361 0.999999821 -0.000182706
0.999999940 0.000101170 0.000296468 -0.000240408 -0.000101285 0.999999940 0.000387227 -0.000171993 -0.000296429 -0.000387257 0.999999881 -0.000094499
1.000000000 -0.000044892 0.000207197 -0.000191055 0.000044818 0.999999940 0.000357095 -0.000123281 -0.000207213 -0.000357086 0.999999940 -0.000176870
1.000000000 -0.000156719 -0.000069664 0.000179880 0.000156759 0.999999821 0.000562189 -0.000233968 0.000069576 -0.000562200 0.999999821 -0.000100147
1.000000000 -0.000199609 -0.000083759 0.000061930 0.000199636 0.999999940 0.000323280 -0.000085904 0.000083694 -0.000323297 0.999999940 -0.000012249
0.999999881 -0.000357228 -0.000313329 0.000443078 0.000357369 0.999999821 0.000449335 -0.000170844 0.000313168 -0.000449447 0.999999821 0.000096736
0.999999762 -0.000657849 -0.000201216 0.000173431 0.000658119 0.999998868 0.001346817 -0.000564439 0.000200330 -0.001346949 0.999999046 0.000236927
0.999995410 -0.003004667 -0.000430242 0.000612507 0.003006238 0.999988616 0.003699078 -0.001033298 0.000419123 -0.003700355 0.999993086 -0.000230461
0.999982059 -0.005846549 -0.001296951 0.001993909 0.005856316 0.999953508 0.007659723 -0.002783853 0.001252108 -0.007667181 0.999969840 -0.000291700
0.999968290 -0.007654700 -0.002202365 0.002508023 0.007680745 0.999897659 0.012070779 -0.003153851 0.002109741 -0.012087311 0.999924660 0.001063006
0.999972820 -0.007210810 -0.001528379 0.002108489 0.007230934 0.999881327 0.013597323 -0.004170271 0.001430150 -0.013608004 0.999906361 0.000261672
0.999982178 -0.005416690 0.002518765 0.001663240 0.005372807 0.999839067 0.017114375 -0.008965441 -0.002611062 -0.017100535 0.999850333 -0.006815040
0.999994814 -0.001264727 0.002957960 0.002668373 0.001207535 0.999813855 0.019257460 -0.011032031 -0.002981765 -0.019253789 0.999810159 -0.008581763
0.999995470 0.001552412 0.002580337 0.002853086 -0.001609442 0.999751210 0.022248488 -0.012901611 -0.002545156 -0.022252543 0.999749124 -0.008457210
0.999848485 0.017403113 0.000371006 0.002182376 -0.017406996 0.999555826 0.024188383 -0.013430336 0.000050112 -0.024191175 0.999707341 -0.003657085
0.999597192 0.028322762 0.001819445 0.003304801 -0.028350439 0.999442995 0.017605538 -0.012597024 -0.001319794 -0.017650027 0.999843359 0.001719308
0.999524534 0.030299209 0.005705345 0.002586692 -0.030388832 0.999404669 0.016338693 -0.015460357 -0.005206899 -0.016504306 0.999850273 -0.000649393
0.999687612 0.021813817 0.012202162 0.005933485 -0.022022923 0.999608219 0.017273266 -0.019178905 -0.011820584 -0.017536597 0.999776363 0.003607287
0.999757826 0.013296658 0.017535238 0.005596085 -0.013559695 0.999796033 0.014967827 -0.019759947 -0.017332640 -0.015201977 0.999734223 0.005166453
0.999841809 0.004142684 0.017296679 0.004694701 -0.004313460 0.999942183 0.009847729 -0.023803838 -0.017254883 -0.009920779 0.999801874 0.000872707
0.999856472 -0.002861378 0.016699968 0.004609745 0.002742093 0.999970615 0.007161384 -0.022305548 -0.016719969 -0.007114564 0.999834895 0.006917395
0.999865234 -0.001942601 0.016301969 0.003778515 0.001775433 0.999945760 0.010262679 -0.024921075 -0.016321022 -0.010232355 0.999814451 0.005754704
0.999842286 0.003396035 0.017429695 0.003616662 -0.003552830 0.999953330 0.008972798 -0.026636025 -0.017398413 -0.009033307 0.999807835 0.004214719
0.999761879 0.007712596 0.020414215 0.004957739 -0.007898243 0.999928057 0.009029060 -0.030255504 -0.020343108 -0.009188146 0.999750853 0.000110583
0.999581516 0.010383441 0.026998112 0.006561941 -0.010720636 0.999865949 0.012374972 -0.034955651 -0.026866000 -0.012659231 0.999558926 0.003357690
0.999282897 0.011717604 0.036006667 0.007281332 -0.012218452 0.999831200 0.013721467 -0.036249880 -0.035839804 -0.014151572 0.999257386 0.006510045
0.999029100 0.009650188 0.042987436 0.009328212 -0.010275343 0.999844372 0.014345626 -0.036278371 -0.042842302 -0.014773411 0.998972595 0.009325680
0.998958588 0.005455069 0.045297284 0.010673243 -0.006184317 0.999853253 0.015974632 -0.037163842 -0.045203492 -0.016238131 0.998845816 0.008181041
0.999059618 0.004378218 0.043136451 0.011456825 -0.005179519 0.999815762 0.018481743 -0.037699752 -0.043047592 -0.018687792 0.998898208 0.008889732
0.999199986 0.006203520 0.039510325 0.012044728 -0.007147337 0.999691427 0.023791587 -0.037991840 -0.039350539 -0.024054945 0.998935938 0.013746314
0.999357343 0.011498326 0.033951700 0.011485149 -0.012445753 0.999535203 0.027826907 -0.035371728 -0.033615958 -0.028231580 0.999036014 0.012004881
0.999459386 0.014879517 0.029316632 0.013708837 -0.015822219 0.999356508 0.032190714 -0.037712164 -0.028818782 -0.032637168 0.999051690 0.010989751
0.999504387 0.021011848 0.023438873 0.012058643 -0.021855222 0.999100983 0.036325570 -0.036851738 -0.022654535 -0.036819831 0.999065101 0.006638361
0.999538541 0.023622399 0.019096181 0.010766946 -0.024382122 0.998878777 0.040582359 -0.035990123 -0.018116115 -0.041029245 0.998993695 0.010098913
0.999605060 0.022090981 0.017371982 0.011440816 -0.022811260 0.998839438 0.042419173 -0.035705063 -0.016414741 -0.042798702 0.998948872 0.011580653
0.999598920 0.022727847 0.016897032 0.011859459 -0.023434922 0.998804569 0.042897742 -0.035848483 -0.015901858 -0.043276522 0.998936534 0.011858205
0.999596596 0.023138804 0.016469268 0.012701987 -0.023868900 0.998674095 0.045608964 -0.036834288 -0.015392096 -0.045983672 0.998823583 0.010605163
0.999502242 0.026937960 0.016421534 0.012750776 -0.027712202 0.998419106 0.048901286 -0.038101900 -0.015078273 -0.049332026 0.998668611 0.009366796
0.999413848 0.029249443 0.017787548 0.012867165 -0.030139582 0.998190939 0.052024789 -0.042266790 -0.016233670 -0.052530404 0.998487413 0.006885333
0.999391675 0.029192135 0.019083958 0.013210437 -0.030169498 0.998132944 0.053108171 -0.043689981 -0.017497985 -0.053651620 0.998406410 0.007656091
0.999407649 0.029088581 0.018389687 0.014370727 -0.030026270 0.998145223 0.052956484 -0.045935854 -0.016815150 -0.053477291 0.998427510 0.006690375
0.999428153 0.030006217 0.015590160 0.015903782 -0.030799132 0.998098552 0.053389527 -0.047436364 -0.013958498 -0.053839166 0.998452067 0.008223926
0.999339283 0.032727588 0.015812997 0.015161857 -0.033549506 0.997930288 0.054858882 -0.049756333 -0.013984868 -0.055353153 0.998368919 0.008757903
0.999334991 0.033200026 0.015081202 0.016142081 -0.033984084 0.997901797 0.055109501 -0.051124644 -0.013219921 -0.055585377 0.998366475 0.009156394
0.999352634 0.033085853 0.014130640 0.017216399 -0.033820223 0.997893929 0.055351622 -0.052610867 -0.012269524 -0.055793691 0.998366892 0.010070563
0.999407947 0.031427287 0.014003329 0.017922457 -0.032140180 0.998024404 0.053983539 -0.053757034 -0.012279106 -0.054401658 0.998443604 0.015374296
0.999440968 0.030379165 0.013961081 0.019565478 -0.031049054 0.998237431 0.050574504 -0.054322544 -0.012400065 -0.050979711 0.998622775 0.018453924
0.999356687 0.031769361 0.016637033 0.020653615 -0.032520354 0.998365223 0.047004540 -0.057952721 -0.015116529 -0.047515355 0.998756111 0.022797909
0.999323249 0.032494165 0.017239925 0.022619810 -0.033226419 0.998477101 0.044040158 -0.062339466 -0.015782621 -0.044583175 0.998880982 0.023133542
0.999253154 0.035110742 0.016137812 0.022408001 -0.035769008 0.998456299 0.042493567 -0.063374221 -0.014620919 -0.043039065 0.998966336 0.025573816
0.999122322 0.037956309 0.017717995 0.025175357 -0.038699068 0.998297095 0.043652870 -0.069791183 -0.016030923 -0.044300228 0.998889625 0.026605679
0.999052584 0.038172726 0.020897891 0.026324343 -0.039025445 0.998353362 0.042043027 -0.073444895 -0.019258587 -0.042818747 0.998897195 0.023121698
0.999116600 0.035629261 0.022281742 0.029527398 -0.036489815 0.998553514 0.039487675 -0.078767158 -0.020842595 -0.040265847 0.998971581 0.028598908
0.999026656 0.036867164 0.024220515 0.030452462 -0.037756097 0.998589456 0.037331216 -0.082671411 -0.022810053 -0.038209345 0.999009371 0.029935850
0.998956263 0.038313311 0.024867335 0.033929888 -0.039154828 0.998644948 0.034284789 -0.086384967 -0.023520071 -0.035222694 0.999102652 0.033313386
0.998737037 0.042442147 0.026885848 0.036200091 -0.043336563 0.998495102 0.033607330 -0.090995781 -0.025419019 -0.034730021 0.999073446 0.033984900
0.998542070 0.046974413 0.026591150 0.037618816 -0.047819141 0.998340845 0.032076444 -0.094247207 -0.025040258 -0.033301245 0.999131680 0.031278219
0.998426199 0.050010655 0.025378658 0.040091127 -0.050820507 0.998184204 0.032337569 -0.099155471 -0.023715349 -0.033576429 0.999154747 0.030790146
0.998386025 0.050859209 0.025271477 0.043700453 -0.051643882 0.998170733 0.031432688 -0.103189804 -0.023626609 -0.032687075 0.999186337 0.038773540
0.998334646 0.051073499 0.026821626 0.046686038 -0.051881727 0.998191714 0.030355155 -0.107989639 -0.025222782 -0.031696152 0.999179244 0.040474240
0.998238504 0.051860701 0.028818687 0.047560100 -0.052698210 0.998186231 0.029103706 -0.110628918 -0.027257077 -0.030571127 0.999160886 0.036274187
0.998297274 0.049370784 0.031065475 0.049155135 -0.050213270 0.998374760 0.026950186 -0.116383575 -0.029684437 -0.028464194 0.999153972 0.035582412
0.998397470 0.046907056 0.031658277 0.054270025 -0.047744535 0.998514831 0.026236992 -0.122630231 -0.030380564 -0.027706452 0.999154329 0.043980829
0.998361945 0.046507481 0.033322796 0.054850217 -0.047382895 0.998538911 0.025981013 -0.126214966 -0.032065798 -0.027517386 0.999106884 0.041533481
0.998526812 0.041538086 0.034914095 0.058159567 -0.042505044 0.998719811 0.027424743 -0.135075822 -0.033730224 -0.028868364 0.999013960 0.044348884
0.998763382 0.034827858 0.035478503 0.063316755 -0.035647593 0.999105752 0.022740481 -0.146223262 -0.034654766 -0.023977082 0.999111652 0.048023496
0.998909712 0.031527184 0.034430310 0.065170772 -0.032278825 0.999247789 0.021497564 -0.155178204 -0.033726644 -0.022585498 0.999175847 0.048228968
0.998953044 0.031006120 0.033637255 0.066245638 -0.031605884 0.999348104 0.017447563 -0.156282291 -0.033074345 -0.018492432 0.999281764 0.047642518
0.999065340 0.027989060 0.032940339 0.068129756 -0.028525146 0.999466300 0.015918493 -0.171037331 -0.032477219 -0.016843244 0.999330521 0.048277549
0.999067664 0.024888784 0.035274118 0.070694722 -0.025444157 0.999557912 0.015384073 -0.176201865 -0.034875628 -0.016267251 0.999259233 0.051320415
0.999020517 0.020228911 0.039354458 0.071934454 -0.020891225 0.999645650 0.016491609 -0.184123769 -0.039006907 -0.017297618 0.999089181 0.050384443
0.999033570 0.016995078 0.040534735 0.074030787 -0.017799944 0.999649823 0.019578595 -0.191268414 -0.040187806 -0.020281188 0.998986244 0.053134479
0.999162793 0.016651435 0.037368670 0.076553971 -0.017474666 0.999609292 0.021812646 -0.196344629 -0.036990862 -0.022447389 0.999063373 0.052410584
0.999204934 0.022227513 0.033096351 0.077374324 -0.023109663 0.999381363 0.026514487 -0.204375610 -0.032486517 -0.027258253 0.999100387 0.052228197
0.999244630 0.024984684 0.029765993 0.077195168 -0.025920268 0.999168456 0.031471487 -0.208229095 -0.028954936 -0.032219253 0.999061286 0.052584939
0.999375641 0.022423817 0.027303111 0.078255869 -0.023381913 0.999103427 0.035292640 -0.219315037 -0.026487237 -0.035909005 0.999004006 0.052392162
0.999489486 0.019685665 0.025164317 0.078935795 -0.020472784 0.999296725 0.031414017 -0.217933074 -0.024528217 -0.031913165 0.999189615 0.054567970
0.999605000 0.013010807 0.024912119 0.081202127 -0.013706377 0.999515176 0.027956840 -0.231569245 -0.024536300 -0.028287251 0.999298632 0.052751970
0.999607444 0.009614252 0.026317634 0.083958790 -0.010198933 0.999702096 0.022172958 -0.237755597 -0.026096618 -0.022432664 0.999407709 0.053879753
0.999607384 0.015182103 0.023549706 0.087630682 -0.015698761 0.999636650 0.021911506 -0.254432768 -0.023208486 -0.022272600 0.999482512 0.051821545
0.999599397 0.018633081 0.021304533 0.089270435 -0.019169288 0.999497414 0.025247775 -0.260217905 -0.020823380 -0.025646051 0.999454141 0.052931424
0.999581277 0.023307905 0.017147372 0.093005419 -0.023832712 0.999233127 0.031065941 -0.273215234 -0.016410142 -0.031461600 0.999370217 0.054720759
0.999624729 0.021305358 0.017220236 0.094927624 -0.021892628 0.999159098 0.034666594 -0.290086895 -0.016467171 -0.035030577 0.999250591 0.051858835
0.999647379 0.019074216 0.018470583 0.095440336 -0.019731948 0.999153078 0.036107324 -0.296580672 -0.017766222 -0.036459051 0.999177217 0.053156149
0.999697924 0.016305601 0.018390942 0.097643383 -0.016951015 0.999225855 0.035501927 -0.308985293 -0.017797826 -0.035802945 0.999200344 0.052621983
0.999729216 0.014250552 0.018393094 0.105624892 -0.014833636 0.999378860 0.031964071 -0.333685488 -0.017926164 -0.032228250 0.999319732 0.048745826
0.999692798 0.015937984 0.018982444 0.104155168 -0.016526280 0.999374926 0.031248873 -0.339321345 -0.018472537 -0.031552985 0.999331355 0.049153391
0.999649405 0.018313672 0.019121479 0.106171124 -0.018927235 0.999295115 0.032415695 -0.353196830 -0.018514350 -0.032766249 0.999291599 0.049759671
0.999597311 0.021377344 0.018660083 0.108017221 -0.022012847 0.999160707 0.034543365 -0.365176886 -0.017905977 -0.034940213 0.999228954 0.050061822
0.999607325 0.022184508 0.017116886 0.111076653 -0.022833671 0.998989522 0.038711023 -0.374686539 -0.016240802 -0.039086666 0.999103904 0.051302280
0.999616206 0.024082717 0.013690607 0.112275362 -0.024608660 0.998910785 0.039642278 -0.383608043 -0.012721000 -0.039963964 0.999120176 0.052594282
0.999628782 0.025153019 0.010465099 0.111776032 -0.025564414 0.998822331 0.041235015 -0.391542286 -0.009415586 -0.041487243 0.999094725 0.053860433
0.999625325 0.025714327 0.009376215 0.112980992 -0.026088668 0.998765647 0.042267427 -0.403001904 -0.008277761 -0.042496204 0.999062359 0.051359132
0.999632955 0.024964068 0.010516716 0.112711675 -0.025351897 0.998936236 0.038517866 -0.408396631 -0.009543963 -0.038770352 0.999202669 0.051884033
0.999742627 0.021735873 0.006514653 0.114346258 -0.021962717 0.999072075 0.037048064 -0.427757382 -0.005703337 -0.037181608 0.999292254 0.055603333
0.999689162 0.024578694 0.004176218 0.112736784 -0.024712693 0.999052525 0.035822220 -0.430701762 -0.003291797 -0.035914287 0.999349475 0.062254868
0.999587178 0.028589442 0.002845250 0.113727257 -0.028676657 0.998873293 0.037812680 -0.438165188 -0.001761001 -0.037878666 0.999280810 0.065178610
0.999496520 0.031570196 0.003165515 0.114887431 -0.031673945 0.998647809 0.041221350 -0.447692692 -0.001859869 -0.041300863 0.999145031 0.063887127
0.999467969 0.032315679 0.004414082 0.111861587 -0.032470122 0.998625875 0.041134253 -0.453040034 -0.003078735 -0.041255701 0.999143839 0.066402741
0.999645293 0.025727617 0.006882687 0.121271394 -0.025980059 0.998880804 0.039522603 -0.474869221 -0.005858162 -0.039687391 0.999194980 0.059258468
0.999561608 0.021991668 0.019823346 0.127079964 -0.022671323 0.999139130 0.034739181 -0.489027083 -0.019042313 -0.035173368 0.999199808 0.063189991
0.999398410 0.024816999 0.024225889 0.130043179 -0.025762934 0.998885453 0.039548494 -0.504111230 -0.023217414 -0.040148828 0.998923957 0.061753355
0.999010801 0.029804256 0.033000994 0.132785127 -0.031217176 0.998580277 0.043161035 -0.514004350 -0.031667758 -0.044148531 0.998522937 0.066067792
0.998384237 0.035904326 0.044041503 0.133034021 -0.037920650 0.998229027 0.045834832 -0.522502959 -0.042317845 -0.047430858 0.997977674 0.069146693
0.997788310 0.035257883 0.056351583 0.136645138 -0.037981365 0.998124301 0.048013002 -0.531257987 -0.054553043 -0.050047114 0.997255921 0.069311105
0.997305512 0.032391723 0.065820545 0.141645089 -0.035397645 0.998358428 0.045027252 -0.544862509 -0.064253971 -0.047235832 0.996815026 0.072115317
0.996997297 0.029976197 0.071397811 0.144304231 -0.032983467 0.998601377 0.041320007 -0.552866280 -0.070059337 -0.043550890 0.996591687 0.074923128
0.996166825 0.030018618 0.082161985 0.147714838 -0.033450510 0.998610616 0.040716857 -0.571663141 -0.080825560 -0.043309141 0.995786905 0.077363841
0.995941579 0.029130945 0.085156113 0.149373025 -0.032756165 0.998601913 0.041488595 -0.586140811 -0.083828449 -0.044109613 0.995503426 0.077750884
0.995960236 0.025478872 0.086106278 0.152052015 -0.029132525 0.998716116 0.041445024 -0.597175360 -0.084939763 -0.043786086 0.995423555 0.082069360
0.995756149 0.028655030 0.087456688 0.150984704 -0.032011997 0.998794079 0.037226036 -0.598554492 -0.086284511 -0.039867721 0.995472550 0.082011983
0.995236576 0.033687636 0.091484644 0.145791560 -0.037110381 0.998663545 0.035973199 -0.606301606 -0.090150520 -0.039196871 0.995156586 0.080975890
0.994538009 0.029438788 0.100138396 0.159727350 -0.033412494 0.998709798 0.038238924 -0.638089299 -0.098883502 -0.041375931 0.994238496 0.085684687
0.993767858 0.026284385 0.108326182 0.162976280 -0.030252317 0.998924017 0.035150114 -0.648883641 -0.107285745 -0.038208164 0.993493795 0.086291708
0.992955267 0.022539556 0.116326421 0.165454701 -0.026543602 0.999103189 0.032987077 -0.665652573 -0.115478583 -0.035842407 0.992663085 0.088356674
0.992039144 0.015736567 0.124943428 0.168316931 -0.020033801 0.999247491 0.033211742 -0.674726427 -0.124326773 -0.035450432 0.991607904 0.088837124
0.991336286 0.010166353 0.130954966 0.168967530 -0.014962351 0.999250710 0.035691533 -0.681729734 -0.130494028 -0.037341699 0.990745604 0.090909153
0.990009248 0.010270024 0.140628591 0.178627342 -0.016239667 0.999011993 0.041368119 -0.705248713 -0.140064821 -0.043238580 0.989197731 0.089157015
0.989897490 0.011338490 0.141330749 0.181073144 -0.018304653 0.998675346 0.048087634 -0.713300407 -0.140598297 -0.050188839 0.988793790 0.090222947
0.990323007 0.010755306 0.138363749 0.185712248 -0.019116690 0.998060465 0.059244212 -0.725142300 -0.137458175 -0.061315976 0.988607824 0.089952089
0.989869654 0.009606100 0.141653404 0.183581531 -0.018838396 0.997773409 0.063979030 -0.733787537 -0.140723392 -0.065999426 0.987846613 0.082611829
0.989096940 0.004248283 0.147204325 0.189527377 -0.013838527 0.997842073 0.064186521 -0.741883516 -0.146613955 -0.065523788 0.987021208 0.086737402
0.988089263 -0.010639162 0.153513506 0.194862813 -0.000046500 0.997586310 0.069436431 -0.747595131 -0.153881744 -0.068616524 0.985703945 0.084811352
0.987740815 -0.013071614 0.155554116 0.200344935 0.001743559 0.997349501 0.072738588 -0.758364618 -0.156092614 -0.071575664 0.985145628 0.082322426
0.986801982 -0.012335921 0.161461353 0.201401666 0.000615886 0.997372806 0.072436884 -0.756799102 -0.161930725 -0.071381412 0.984216928 0.086061120
0.985459089 -0.013186928 0.169400454 0.206950113 0.000877488 0.997365475 0.072534971 -0.765881956 -0.169910684 -0.071331605 0.982874453 0.083500341
0.984408736 -0.014407096 0.175305411 0.210627332 0.002400025 0.997647285 0.068512417 -0.773919463 -0.175880045 -0.067023486 0.982127309 0.082897447
0.982267857 -0.015703622 0.186824441 0.215225786 0.004060544 0.998034179 0.062541120 -0.778282821 -0.187439293 -0.060673531 0.980400562 0.085012503
0.981386721 -0.017296795 0.191261545 0.218924418 0.005686970 0.998116374 0.061084401 -0.784505665 -0.191957846 -0.058859721 0.979636550 0.082589246
0.980652332 -0.019728515 0.194760993 0.224453107 0.008070915 0.998137355 0.060469028 -0.787551761 -0.195591211 -0.057727188 0.978985071 0.085173875
0.980127275 -0.018612895 0.197494343 0.225897670 0.007048387 0.998227417 0.059098307 -0.793395936 -0.198244214 -0.056531854 0.978520989 0.087059259
0.979460895 -0.010408764 0.201365307 0.231370181 0.000043625 0.998677671 0.051410392 -0.794199824 -0.201634139 -0.050345685 0.978166163 0.092747942
0.978934944 -0.005567901 0.204096794 0.235856295 -0.004474854 0.998802841 0.048711322 -0.803663552 -0.204123691 -0.048598524 0.977738023 0.093883634
0.978824496 -0.002669901 0.204683721 0.242567763 -0.007232373 0.998839557 0.047615048 -0.809043229 -0.204573318 -0.048087128 0.977669358 0.098042235
0.978209198 -0.002689887 0.207604274 0.244225293 -0.007233925 0.998867393 0.047027595 -0.810258329 -0.207495645 -0.047504626 0.977081776 0.099538080
0.975461304 -0.010907082 0.219900653 0.258458674 0.002631082 0.999278367 0.037892986 -0.817076981 -0.220155269 -0.036384560 0.974786043 0.108619295
0.973520875 -0.016171806 0.228025347 0.263228565 0.008557567 0.999373555 0.034341365 -0.818022430 -0.228437886 -0.031480696 0.973049402 0.110668942
0.972096741 -0.020625286 0.233671725 0.265182197 0.013049827 0.999339461 0.033919238 -0.826413333 -0.234216958 -0.029923409 0.971723735 0.117736101
0.971443117 -0.020916209 0.236348748 0.269948423 0.013590015 0.999376655 0.032584231 -0.827222645 -0.236882955 -0.028441748 0.971121788 0.124227062
0.971356690 -0.018570438 0.236899793 0.278354377 0.011626383 0.999461830 0.030675745 -0.825933754 -0.237341970 -0.027042799 0.971049666 0.125648782
0.970945299 -0.010426599 0.239074185 0.294703186 0.003219724 0.999529123 0.030515689 -0.829138935 -0.239279747 -0.028859314 0.970521688 0.136875615
0.971350491 -0.009998622 0.237441078 0.300776035 0.002990364 0.999549627 0.029857637 -0.829271734 -0.237632692 -0.028292194 0.970943034 0.139676392
0.972180128 -0.006745994 0.234137222 0.310056001 0.001064580 0.999702156 0.024383221 -0.831044018 -0.234231949 -0.023455629 0.971897721 0.149480209
0.972931564 -0.001483108 0.231088698 0.321826339 -0.002152337 0.999877930 0.015478924 -0.833286107 -0.231083393 -0.015557315 0.972809553 0.161145270
0.972426713 -0.001812962 0.233201504 0.330583215 -0.000980124 0.999929249 0.011860695 -0.832567394 -0.233206481 -0.011762224 0.972356081 0.170184776
0.971703947 -0.000277137 0.236201674 0.336480737 -0.001809260 0.999961197 0.008616329 -0.834748924 -0.236194924 -0.008799871 0.971665859 0.178954467
0.971226633 0.002829433 0.238140121 0.340538293 -0.004230721 0.999976575 0.005373401 -0.831209838 -0.238119364 -0.006226294 0.971215963 0.187200069
0.968797445 0.007533649 0.247739464 0.356040865 -0.009587552 0.999928951 0.007085201 -0.833251178 -0.247668490 -0.009239340 0.968800843 0.201444760
0.967820466 0.005321330 0.251585305 0.364710540 -0.007335097 0.999948084 0.007067199 -0.835872114 -0.251534641 -0.008685183 0.967809319 0.209561363
0.965213120 0.005013851 0.261416286 0.376712918 -0.005685711 0.999982178 0.001813815 -0.832533002 -0.261402547 -0.003237055 0.965224504 0.215108752
0.962216496 0.002624725 0.272272974 0.386449724 -0.002045732 0.999995053 -0.002410353 -0.834128559 -0.272277921 0.001762286 0.962217093 0.226142719
0.959660470 -0.000486307 0.281160980 0.398497492 0.001974815 0.999985516 -0.005010834 -0.830372691 -0.281154543 0.005363941 0.959647536 0.232904106
0.956846535 -0.001529019 0.290589929 0.409301996 0.002762997 0.999988735 -0.003836202 -0.828840077 -0.290580869 0.004473555 0.956839979 0.249187425
0.955855489 -0.004253455 0.293806553 0.426525295 0.005344890 0.999981463 -0.002912002 -0.831424713 -0.293788761 0.004353816 0.955860436 0.253841430
0.953651667 -0.004184555 0.300883681 0.439627290 0.006165477 0.999965072 -0.005634432 -0.828803003 -0.300849587 0.007228377 0.953644276 0.260403633
0.951353490 -0.005374920 0.308054596 0.449528068 0.007370460 0.999958694 -0.005314690 -0.828091562 -0.308013320 0.007326653 0.951353848 0.267926753
0.947959960 -0.004210450 0.318361521 0.471086472 0.005872958 0.999973774 -0.004262425 -0.824855149 -0.318335205 0.005910333 0.947959781 0.285271674
0.946463764 -0.003460466 0.322791576 0.477115870 0.004427122 0.999987721 -0.002260552 -0.826205790 -0.322779775 0.003568568 0.946467340 0.298110008
0.945295990 -0.005322492 0.326170266 0.480795890 0.005721956 0.999983549 -0.000265318 -0.827111363 -0.326163471 0.002117136 0.945311010 0.309815466
0.945910990 -0.006453892 0.324361831 0.503010988 0.007885228 0.999964118 -0.003098589 -0.821844459 -0.324330151 0.005488657 0.945927978 0.316191971
0.945728421 -0.005835361 0.324905455 0.521892071 0.007180455 0.999969959 -0.002941086 -0.826309919 -0.324878603 0.005114438 0.945741892 0.322812349
0.946237445 -0.003893450 0.323449463 0.544382930 0.007349025 0.999928236 -0.009462845 -0.827238500 -0.323389411 0.011331134 0.946198106 0.342881262
0.946590126 -0.005151134 0.322398275 0.550790429 0.010420724 0.999838829 -0.014621202 -0.824204206 -0.322270989 0.017199907 0.946491182 0.346049130
0.947783530 -0.005963824 0.318858773 0.571297646 0.013175400 0.999703765 -0.020464761 -0.823620856 -0.318642288 0.023597252 0.947581291 0.357339114
0.947355211 -0.002820540 0.320172191 0.588402629 0.013247255 0.999450266 -0.030392610 -0.819660664 -0.319910467 0.033033993 0.946871698 0.373009682
0.947689533 -0.001679112 0.319189280 0.603972256 0.015076851 0.999105632 -0.039508104 -0.818817377 -0.318837404 0.042253785 0.946867108 0.385731220
0.951456964 0.005938842 0.307724416 0.619632185 0.010257079 0.998646617 -0.050987095 -0.824072838 -0.307610840 0.051668391 0.950108409 0.406407207
0.953065991 0.010532775 0.302579522 0.626865864 0.004994649 0.998711705 -0.050497252 -0.830017269 -0.302721590 0.049638499 0.951785564 0.420571893
0.955151439 0.016441705 0.295661002 0.627262354 -0.001617088 0.998731971 -0.050315365 -0.837088883 -0.296113431 0.047580682 0.953966975 0.429980397
0.961423457 0.023677519 0.274051726 0.660683990 -0.012561656 0.999028206 -0.042245440 -0.829550505 -0.274785757 0.037173212 0.960786700 0.450362623
0.962903619 0.023971282 0.268778533 0.667472541 -0.015759373 0.999342024 -0.032669075 -0.822250426 -0.269384772 0.027221397 0.962647796 0.458594590
0.962709367 0.022296723 0.269617379 0.672957480 -0.015888482 0.999537587 -0.025927184 -0.819683790 -0.270070791 0.020676531 0.962618470 0.469536483
0.962871969 0.017248865 0.269406796 0.688987017 -0.011037901 0.999637604 -0.024552200 -0.827158332 -0.269732654 0.020666940 0.962713420 0.479929745
0.960996270 0.009182598 0.276408970 0.699481964 -0.003209811 0.999751627 -0.022053195 -0.835025311 -0.276542813 0.020305818 0.960786998 0.502036750
0.960725963 0.002724690 0.277485400 0.708598435 0.002056074 0.999854505 -0.016936446 -0.829180062 -0.277491152 0.016841818 0.960580468 0.511878073
0.960931361 -0.004303941 0.276753277 0.718910038 0.007304298 0.999925196 -0.009811302 -0.828864694 -0.276690334 0.011449477 0.960890949 0.525652289
0.962000191 -0.009370584 0.272887915 0.728302598 0.011327217 0.999920249 -0.005595507 -0.825713336 -0.272813708 0.008473939 0.962029517 0.537926018
0.962832212 -0.015820861 0.269636422 0.744085431 0.014857476 0.999873936 0.005613515 -0.819226861 -0.269691199 -0.001398755 0.962945819 0.566282034
0.963276803 -0.023296120 0.267497927 0.745569170 0.021418376 0.999721229 0.009935795 -0.814756334 -0.267654777 -0.003841549 0.963507235 0.579820216
0.964521289 -0.030903721 0.262190014 0.749053240 0.028326146 0.999506176 0.013605723 -0.826508045 -0.262481004 -0.005696177 0.964920342 0.573402524
0.965871871 -0.031842813 0.257055581 0.755646229 0.029935217 0.999487579 0.011331854 -0.807174087 -0.257284760 -0.003250103 0.966330171 0.611074567
0.968705535 -0.025225814 0.246927619 0.764825642 0.022787556 0.999659300 0.012727580 -0.799910188 -0.247164547 -0.006702399 0.968950391 0.646452546
0.969503701 -0.022102507 0.244078010 0.775411248 0.019791909 0.999733090 0.011915377 -0.800958455 -0.244276240 -0.006721233 0.969682395 0.666811705
0.969574392 -0.022697542 0.243742183 0.778330624 0.021561608 0.999740660 0.007327710 -0.796761930 -0.243845299 -0.001849286 0.969812453 0.685692966
0.968931437 -0.025347171 0.246026963 0.786358953 0.027062546 0.999627292 -0.003593225 -0.792802691 -0.245844200 0.010139705 0.969256341 0.702215314
